[[ 0.00000000e+00  4.00000000e-02  8.00000000e-02 ...  1.12000000e+01
   1.12400000e+01  1.12800000e+01]
 [ 0.00000000e+00  4.20200587e-04  2.04098290e-03 ... -2.96551801e+01
  -2.98094296e+01 -2.99584981e+01]
 [ 0.00000000e+00 -2.49474696e-05 -1.29877746e-03 ...  3.97814251e+01
   3.99045091e+01  4.00212041e+01]
 ...
 [ 0.00000000e+00  7.57439124e-06  7.69121195e-05 ...  6.78964215e+01
   6.78224810e+01  6.77381270e+01]
 [ 0.00000000e+00 -7.12786249e-07 -4.76308601e-05 ... -8.42560493e+01
  -8.42132212e+01 -8.41594117e+01]
 [-1.50000000e+01 -1.50014891e+01 -1.50059111e+01 ...  2.31735342e+02
   2.33731114e+02  2.35732049e+02]][[ 0.          0.          0.        ]
 [-0.0518892  -0.05312518 -0.00104188]
 [-0.03735849 -0.03390048 -0.00511466]
 [-0.02841644 -0.0234994  -0.00723025]
 [-0.0228913  -0.01789602 -0.00822766]
 [-0.0194588  -0.0148856  -0.00860455]
 [-0.01731771 -0.01327972 -0.00863306]
 [-0.01597741 -0.01242476 -0.00848264]
 [-0.01513393 -0.0119796  -0.00823648]
 [-0.01460266 -0.01174341 -0.00795326]
 [-0.01426688 -0.01162781 -0.00766096]
 [-0.01405483 -0.01156957 -0.00739515]
 [-0.01392509 -0.01154691 -0.00713648]
 [-0.01384381 -0.01153324 -0.00690612]
 [-0.01378916 -0.01153153 -0.00670054]
 [-0.01375438 -0.01153434 -0.00651521]
 [-0.01373359 -0.01153594 -0.00635247]
 [-0.01372317 -0.01153884 -0.00621157]
 [-0.01371695 -0.01153867 -0.00607886]
 [-0.01371516 -0.01154169 -0.00596686]
 [-0.01371084 -0.01153949 -0.00587724]
 [-0.01370683 -0.01153951 -0.00578463]
 [-0.01370381 -0.01153601 -0.00570757]
 [-0.01370628 -0.01153913 -0.00564464]
 [-0.01370876 -0.01154426 -0.00559572]
 [-0.01371134 -0.01154641 -0.00554186]
 [-0.01370922 -0.01154093 -0.0054918 ]
 [-0.01371152 -0.01154806 -0.00545247]
 [-0.01370712 -0.01154832 -0.0054238 ]
 [-0.01370719 -0.01154914 -0.00539131]
 [-0.01371056 -0.01155046 -0.0053692 ]
 [-0.01371006 -0.0115484  -0.00534992]
 [-0.01371148 -0.01155024 -0.0053305 ]
 [-0.01370918 -0.01155201 -0.00531575]
 [-0.01371527 -0.01155541 -0.00530839]
 [-0.01371022 -0.01155194 -0.00530098]
 [-0.01370852 -0.01155292 -0.00528257]
 [-0.01370561 -0.01154936 -0.00526449]
 [-0.01370784 -0.01154988 -0.00525452]
 [-0.0137065  -0.01154664 -0.00524002]
 [-0.01370943 -0.01155112 -0.0052399 ]
 [-0.01371497 -0.01155091 -0.00523972]
 [-0.01371482 -0.01154633 -0.00523225]
 [-0.01371385 -0.01154757 -0.00522982]
 [-0.01371576 -0.01155053 -0.00522514]
 [-0.01371318 -0.0115494  -0.00522196]
 [-0.01371139 -0.01154691 -0.00522164]
 [-0.01371547 -0.0115478  -0.00521382]
 [-0.01371651 -0.01154849 -0.0052133 ]
 [-0.01371534 -0.01154682 -0.00521355]
 [-0.01371157 -0.01154793 -0.00520535]
 [-0.01371143 -0.01154703 -0.00520899]
 [-0.01371087 -0.0115485  -0.00521086]
 [-0.01370852 -0.01155128 -0.00521064]
 [-0.01371113 -0.01154625 -0.0052082 ]
 [-0.01371077 -0.01154916 -0.00520163]
 [-0.01371423 -0.01155239 -0.00520533]
 [-0.01371178 -0.01155206 -0.00520751]
 [-0.01371126 -0.01155042 -0.0052055 ]
 [-0.01371141 -0.01154827 -0.0052063 ]
 [-0.01371109 -0.01155159 -0.00520926]
 [-0.01371121 -0.01155438 -0.00520381]
 [-0.01371265 -0.01155367 -0.00520158]
 [-0.01370902 -0.01155253 -0.0052049 ]
 [-0.01370792 -0.01155286 -0.00520213]
 [-0.01370936 -0.01155121 -0.00519899]
 [-0.01371161 -0.0115539  -0.00520754]
 [-0.01370704 -0.01155032 -0.00519109]
 [-0.0137115  -0.01155243 -0.0051933 ]
 [-0.01371135 -0.01155279 -0.00519631]
 [-0.0137105  -0.01154685 -0.00519308]
 [-0.01371278 -0.01155159 -0.00518792]
 [-0.0137089  -0.01154712 -0.00518631]
 [-0.01371232 -0.01154478 -0.00518458]
 [-0.01371115 -0.01154359 -0.00518257]
 [-0.01371472 -0.0115488  -0.00518775]
 [-0.01371383 -0.0115485  -0.00519099]
 [-0.01371284 -0.01154882 -0.00518702]
 [-0.01371235 -0.01155219 -0.00519257]
 [-0.01371563 -0.01156004 -0.00519603]
 [-0.01371477 -0.01155699 -0.00519727]
 [-0.013715   -0.01155374 -0.00519668]
 [-0.013712   -0.0115493  -0.00519294]
 [-0.01371573 -0.01154985 -0.00519974]
 [-0.01371358 -0.01155173 -0.00520103]
 [-0.01371474 -0.01154931 -0.00520151]
 [-0.01371261 -0.01154637 -0.00519747]
 [-0.01371224 -0.01154941 -0.00520181]
 [-0.01371324 -0.01154713 -0.00519936]
 [-0.01371114 -0.01154678 -0.00519576]
 [-0.01371115 -0.01155391 -0.0051929 ]
 [-0.01371149 -0.01155568 -0.00519333]
 [-0.01370577 -0.0115517  -0.00518602]
 [-0.01370768 -0.01155187 -0.0051909 ]
 [-0.0137073  -0.01155436 -0.00518884]
 [-0.0137075  -0.011551   -0.00518477]
 [-0.01371089 -0.01155136 -0.00519001]
 [-0.01371087 -0.01155195 -0.00519244]
 [-0.0137115  -0.01155589 -0.00519886]
 [-0.01371183 -0.01155255 -0.00519879]
 [-0.01371185 -0.01155112 -0.00519708]
 [-0.01371014 -0.01155021 -0.00520299]
 [-0.01371314 -0.01155339 -0.00521343]
 [-0.01371406 -0.01155136 -0.00521727]
 [-0.01371447 -0.01154708 -0.00521485]
 [-0.0137132  -0.01154788 -0.00521204]
 [-0.01371147 -0.01154768 -0.00520615]
 [-0.01371108 -0.01154706 -0.00520294]
 [-0.01371258 -0.01154955 -0.00520356]
 [-0.01371551 -0.01154839 -0.0052051 ]
 [-0.01371611 -0.01154754 -0.00521011]
 [-0.01371829 -0.01155511 -0.00521207]
 [-0.01371703 -0.01155465 -0.00521159]
 [-0.0137147  -0.01154999 -0.00520826]
 [-0.01371485 -0.01155098 -0.00521357]
 [-0.01371289 -0.01154805 -0.00520519]
 [-0.01371009 -0.01155137 -0.00520216]
 [-0.01371093 -0.01155289 -0.00520339]
 [-0.0137103  -0.0115512  -0.00519882]
 [-0.01370897 -0.01155127 -0.00519302]
 [-0.01371213 -0.01155378 -0.00519441]
 [-0.01371298 -0.01155357 -0.0051909 ]
 [-0.01370842 -0.01154691 -0.00519146]
 [-0.01370933 -0.01155377 -0.00519652]
 [-0.0137116  -0.01155121 -0.00520262]
 [-0.01371492 -0.01155088 -0.00520849]
 [-0.01370978 -0.01154298 -0.00520562]
 [-0.01371113 -0.01154616 -0.0052039 ]
 [-0.01371122 -0.01154988 -0.00520402]
 [-0.01371069 -0.01155397 -0.0052051 ]
 [-0.01370809 -0.01155375 -0.00520333]
 [-0.01370549 -0.01154615 -0.0052017 ]
 [-0.0137101  -0.01154942 -0.00520212]
 [-0.01371053 -0.01154842 -0.00519694]
 [-0.01370957 -0.01155127 -0.00520023]
 [-0.013709   -0.01154833 -0.00520008]
 [-0.01370851 -0.01154662 -0.00520161]
 [-0.01370979 -0.01154671 -0.00519376]
 [-0.01371293 -0.01155118 -0.00519525]
 [-0.01371069 -0.0115484  -0.00519527]
 [-0.01371106 -0.01154931 -0.00519822]
 [-0.01371281 -0.01155674 -0.00520402]
 [-0.01370936 -0.01155067 -0.00520125]
 [-0.01371287 -0.01155255 -0.00520041]
 [-0.01371516 -0.01155514 -0.00520163]
 [-0.01371456 -0.01155199 -0.00519874]
 [-0.01370572 -0.01155433 -0.00519346]
 [-0.01371014 -0.01155409 -0.00520613]
 [-0.01371099 -0.01155018 -0.00520862]
 [-0.01371176 -0.01155404 -0.00520686]
 [-0.01371424 -0.01155289 -0.00520927]
 [-0.01370988 -0.01155341 -0.0052053 ]
 [-0.01371229 -0.01155165 -0.00519781]
 [-0.01371103 -0.01155363 -0.0052005 ]
 [-0.01371221 -0.01155428 -0.00520144]
 [-0.01371567 -0.01155521 -0.00520744]
 [-0.01371418 -0.0115562  -0.00520948]
 [-0.01370778 -0.01155215 -0.00520071]
 [-0.01371308 -0.01155459 -0.00520088]
 [-0.01370857 -0.01155353 -0.0052029 ]
 [-0.01371164 -0.01154825 -0.00520574]
 [-0.01371407 -0.01155444 -0.00520439]
 [-0.01371414 -0.01155417 -0.00520308]
 [-0.0137155  -0.01155269 -0.00520415]
 [-0.01371325 -0.01155258 -0.00519754]
 [-0.01371231 -0.01154905 -0.00519615]
 [-0.01371189 -0.01155442 -0.00519737]
 [-0.01370867 -0.01154904 -0.00519656]
 [-0.01370948 -0.01155034 -0.00519991]
 [-0.01370759 -0.01155454 -0.00520391]
 [-0.01371214 -0.01155621 -0.00520813]
 [-0.01371386 -0.01155886 -0.00521552]
 [-0.01371262 -0.01155798 -0.00520524]
 [-0.01370955 -0.0115583  -0.00520222]
 [-0.01371012 -0.01155346 -0.00519492]
 [-0.01370982 -0.01155099 -0.00519321]
 [-0.01371022 -0.01155012 -0.00519794]
 [-0.01371423 -0.01155204 -0.00520458]
 [-0.01371686 -0.01155389 -0.00520528]
 [-0.01371497 -0.01155357 -0.00520117]
 [-0.01370811 -0.01155328 -0.00519921]
 [-0.01370761 -0.01155268 -0.0052006 ]
 [-0.01371181 -0.0115507  -0.00519804]
 [-0.01371356 -0.01155281 -0.00520123]
 [-0.0137136  -0.01155219 -0.0052073 ]
 [-0.01371543 -0.01155484 -0.00520964]
 [-0.01371523 -0.0115511  -0.00520742]
 [-0.01371383 -0.01155231 -0.00521076]
 [-0.01371235 -0.01155063 -0.00521237]
 [-0.01370879 -0.01155258 -0.00520803]
 [-0.01370795 -0.01155339 -0.00520173]
 [-0.01371083 -0.01155802 -0.0052009 ]
 [-0.01370993 -0.01155828 -0.00520274]
 [-0.01370904 -0.0115555  -0.00519788]
 [-0.01370729 -0.01155407 -0.00519995]
 [-0.01370787 -0.01154967 -0.00519327]
 [-0.01370696 -0.0115497  -0.00519462]
 [-0.01370851 -0.01155283 -0.00519443]
 [-0.01371    -0.01155807 -0.00519572]
 [-0.01370982 -0.01154878 -0.00520295]
 [-0.01371088 -0.01155183 -0.00520606]
 [-0.01370883 -0.0115514  -0.00520309]
 [-0.01371025 -0.01154648 -0.00520402]
 [-0.01370929 -0.01155128 -0.00520727]
 [-0.01371001 -0.01155416 -0.00520703]
 [-0.01370833 -0.01155463 -0.00520674]
 [-0.0137073  -0.01155631 -0.00520857]
 [-0.01371026 -0.01155362 -0.00520814]
 [-0.01370961 -0.01154978 -0.0052108 ]
 [-0.01371045 -0.01154744 -0.00520296]
 [-0.01370701 -0.01154626 -0.00520074]
 [-0.01370843 -0.0115529  -0.00520266]
 [-0.01371149 -0.01155364 -0.00520904]
 [-0.01371284 -0.01155454 -0.00521392]
 [-0.01371278 -0.01155144 -0.00521609]
 [-0.01371085 -0.01155492 -0.00521238]
 [-0.01370765 -0.01155265 -0.00521378]
 [-0.01370886 -0.01155478 -0.00520923]
 [-0.01370814 -0.01155201 -0.00520175]
 [-0.01371035 -0.01155304 -0.00519996]
 [-0.01370711 -0.01155374 -0.0051984 ]
 [-0.01370474 -0.01154965 -0.00519877]
 [-0.01370795 -0.01154821 -0.00520139]
 [-0.01371399 -0.01155471 -0.00520107]
 [-0.01371494 -0.01155515 -0.00519857]
 [-0.0137128  -0.01155593 -0.00519498]
 [-0.01371144 -0.01155744 -0.00519048]
 [-0.01370937 -0.01155638 -0.00518694]
 [-0.01371057 -0.01155249 -0.00519495]
 [-0.01371188 -0.01154986 -0.00519231]
 [-0.01370652 -0.01154784 -0.00518973]
 [-0.01370646 -0.01154889 -0.00518394]
 [-0.01370647 -0.01154707 -0.00518892]
 [-0.01370715 -0.01154992 -0.00519207]
 [-0.01370575 -0.01154409 -0.00519116]
 [-0.0137051  -0.01154578 -0.00519414]
 [-0.01370972 -0.01154653 -0.00519999]
 [-0.01371018 -0.01155019 -0.00520211]
 [-0.01370998 -0.01155118 -0.00520106]
 [-0.01371242 -0.01155495 -0.00521063]
 [-0.01371125 -0.01155202 -0.00520717]
 [-0.0137141  -0.01155502 -0.0052106 ]
 [-0.01371607 -0.01155274 -0.00520812]
 [-0.01371271 -0.01155599 -0.00521164]
 [-0.01371039 -0.01155449 -0.0052105 ]
 [-0.01371289 -0.01155181 -0.00521606]
 [-0.01371278 -0.01155159 -0.00522032]
 [-0.01371232 -0.01155113 -0.00521522]
 [-0.01371091 -0.01155198 -0.00522213]
 [-0.01371034 -0.01155178 -0.00521572]
 [-0.01371054 -0.01155753 -0.00521242]
 [-0.01371317 -0.0115548  -0.00520682]
 [-0.013713   -0.01155342 -0.0052031 ]
 [-0.01370879 -0.0115552  -0.00520137]
 [-0.01371107 -0.01155033 -0.00519323]
 [-0.01370885 -0.01155281 -0.00519205]
 [-0.01370664 -0.01155457 -0.00519045]
 [-0.01370834 -0.01155524 -0.00518445]
 [-0.01370759 -0.0115555  -0.00518234]
 [-0.01371116 -0.01155483 -0.00519066]
 [-0.01371258 -0.01155555 -0.00519925]
 [-0.01371181 -0.01155311 -0.00520248]
 [-0.01371007 -0.01155343 -0.00519722]
 [-0.01370802 -0.01155209 -0.00518918]
 [-0.01371018 -0.0115486  -0.00518468]
 [-0.01370776 -0.0115503  -0.00518978]
 [-0.01370502 -0.01155234 -0.00519032]
 [-0.01370521 -0.0115479  -0.00519407]
 [-0.01370486 -0.01155389 -0.0051889 ]
 [-0.0137097  -0.01155586 -0.00519254]
 [-0.01370724 -0.0115506  -0.00519115]
 [-0.01370844 -0.01155174 -0.00518978]
 [-0.01370785 -0.01155067 -0.00518986]
 [-0.01370613 -0.01154828 -0.00518079]
 [-0.01370985 -0.01155461 -0.00518927]
 [-0.01370839 -0.01155159 -0.00519019]
 [-0.01371272 -0.01155427 -0.00520079]
 [-0.01371412 -0.01155636 -0.00520778]
 [-0.01371233 -0.01154982 -0.00520454]
 [-0.01371206 -0.0115507  -0.00520145]
 [-0.01370798 -0.01155211 -0.00519203]
 [-0.01370949 -0.01155385 -0.00519488]
 [-0.01370791 -0.01155615 -0.00520091]]