0.000000000000000000e+00 0.000000000000000000e+00 0.000000000000000000e+00
9.960795642489500828e-05 -1.047873188344538263e-03 9.775741119068359457e-04
7.857633542207865781e-04 1.249249871557868647e-03 6.375122600018936223e-04
3.628468163594221214e-04 3.351205814301411244e-04 1.050409070433307819e-04
2.279353940160649115e-04 -1.284194930913963595e-04 2.841932711929142296e-04
-1.438699613776539673e-03 -2.903111295342949310e-04 -1.754250123484671223e-03
1.316003469342897009e-04 -5.242822517561556691e-05 -4.365900443146781672e-04
-4.075373452118513174e-04 -6.835904129289117458e-04 -2.372057871405830909e-04
-2.549409495734794129e-04 -4.961526442773433110e-04 -1.466811876310415014e-03
-4.593162407791456228e-04 4.814144457294153951e-04 -2.031142878450073312e-04
6.577982467428116408e-04 2.310353253436295187e-04 3.901738620851431870e-04
5.904214799881381476e-04 1.417145743205338714e-04 -4.683946987665839172e-05
7.080888918485412535e-04 2.644311166876559330e-04 -1.101327321275458312e-03
-3.127320840939020624e-05 -8.198951771889188746e-04 1.623278622076751573e-03
8.867936098727647893e-04 -2.253071213484517706e-04 1.018510045563140098e-03
4.786285145523293597e-05 8.214151034936363312e-04 1.649003736796013646e-04
7.321752618386558521e-06 -6.621965178456525221e-04 1.488798738634792543e-04
2.332337862582202687e-04 9.450826784109881687e-04 1.478265094857748958e-05
9.055783132836793623e-04 4.272396353405412926e-05 -3.188245181736116532e-04
-4.367694024295650868e-04 3.414925963243227555e-04 1.698046768632884050e-03
6.086631185522763500e-04 5.721566373809990969e-04 -7.175878558576435440e-04
1.905792294943033224e-03 1.369201481680163053e-04 8.417111172742669902e-04
3.707200630127554966e-04 2.845410483457195432e-04 -4.090615636416472501e-04
-1.668117740195662949e-04 1.043521943249993032e-03 1.298132287540019591e-03
1.562167573144159134e-04 6.791543044023951731e-04 -8.175528460947709955e-04
2.105309938473269506e-04 -7.239018791979030592e-04 3.963072840414588499e-04
2.002943771081013415e-04 5.043830192036210733e-04 -2.226571871703339391e-04
-5.841273306663023225e-04 -8.384288113091802682e-05 3.576710271309122609e-04
6.211501570103905839e-04 1.577969362996558622e-03 6.040359974071470538e-04
9.526602918833725368e-04 -3.676470380961799637e-05 8.639178063578647733e-04
-2.215384251921517024e-05 -8.041720991600142089e-04 -1.891954425560564380e-04
4.208652045980941394e-04 -1.862228175770708162e-04 -6.564227456085044467e-04
1.909160418133781041e-04 5.897609959610148776e-04 1.045458531470782942e-03
-1.300262781541309696e-03 -5.427081250859164870e-04 -9.053321980629402467e-05
-6.340822265543660926e-04 -1.483094494993718012e-03 6.422797652743298486e-04
-1.001704798842896966e-05 -6.699337889331199482e-04 -2.307373719037557943e-03
3.533320369398395178e-04 -2.712351320339696824e-04 -3.788692853839694882e-04
1.908466149851628874e-04 -1.218882263226152805e-03 2.802500575643952080e-04
8.918437795967204236e-04 -7.365998894082168881e-04 7.346363570882035073e-04
1.495758975469710080e-04 7.300931598136872584e-04 -5.985200374620596678e-04
6.883512779014564278e-04 3.184493704151688067e-04 -3.907198868120228879e-04
1.723283445640585673e-04 1.317899390628760872e-03 4.129589815391275899e-04
-1.296520354951506942e-04 1.349040033248027947e-03 -1.065042226295084219e-03
-2.526613406724914634e-04 -1.504339642202970643e-03 1.376819995672782983e-03
-1.569888310009647479e-03 -3.124769432163363695e-04 9.652267846935759770e-04
-5.641460111455452096e-05 4.978738647326993408e-05 -4.174589703326285917e-04
-2.377443227441397285e-04 4.148792758342106799e-05 7.771317661845757695e-04
-1.371891449708509880e-04 -7.047949247207206929e-04 -1.347986390657308388e-03
4.153111759920036938e-05 -3.833968902538373915e-05 5.596441222542386171e-04
-6.316985316956477779e-04 9.293983810991095261e-04 1.060906477199199125e-03
5.432347106998322876e-04 5.198527887052773128e-04 1.092920380300260730e-03
4.057718622304276016e-04 -1.181427240554641395e-03 3.097714095769295815e-04
-4.302852940833296058e-04 -2.249239259332409975e-04 1.910390898414440156e-04
1.496759333971580601e-04 -5.406643853978204814e-04 1.636211413047231446e-03
-5.943251476366886131e-05 7.974864837717633996e-05 2.091904911821883142e-04
-8.805612328211542567e-04 -1.500668636377911608e-04 1.673671616990440999e-04
-1.757172506372677283e-03 1.387063154292751709e-04 -8.991031745530940391e-04
-3.936602345237417305e-04 -1.989643981330116267e-04 9.006846492395784512e-05
-4.493518300424306907e-04 -3.446539279111525867e-04 -7.102160968800074392e-04
4.078834662839878186e-04 4.756762305481564840e-04 1.783830430815682366e-04
-5.152471357460628636e-04 4.944797594122864529e-04 5.459250947071471287e-04
7.166424270393401694e-04 2.528225159087847543e-04 1.201784303894314022e-03
-1.301508923570377126e-03 7.899798530936537767e-04 -1.160785270976263245e-03
1.063053848784322776e-03 1.835490379601786750e-04 4.561591781051058938e-04
-2.071911496589201737e-04 1.687849685748976430e-04 5.098418774192316986e-04
-9.539182440064113188e-04 6.933761717214188738e-05 -1.959205930939794758e-03
3.587606642850578020e-04 -1.103532113158227530e-03 1.543302334647892707e-04
-4.338171500267888679e-04 -3.030993727353252227e-04 7.306275106719942441e-04
7.941620551751938446e-05 3.079206731006722516e-04 4.383804867004238194e-04
3.106222789811887721e-04 2.025111931435444248e-04 9.306948841454865638e-04
-5.590873405906060067e-05 -3.436472001551749708e-04 -1.399885148208555256e-03
5.931077628837513405e-04 7.515564741641624818e-04 -8.929281184649135242e-04
1.509931180559364011e-04 -5.968459925415331565e-04 1.269398975019932121e-03
3.789009128555403927e-04 1.283280532920010129e-03 1.098481373858727073e-03
1.068249154972443165e-06 3.429492397533790956e-04 1.196973561225865091e-03
-2.393757288747146031e-04 1.105569600117869934e-03 7.434337451316452372e-04
3.526830734730027582e-04 -4.511204164580973411e-04 -4.423866410142739580e-04
1.605678638599631933e-05 -2.237028394313732283e-04 -1.033945027282021133e-03
1.025728687664815989e-03 -1.413707030000578568e-03 -4.848371557613762023e-05
-9.660800247786888867e-04 -4.880932117551211322e-04 5.906970183053929539e-04
-8.586980883202278373e-04 -1.254895940482560982e-03 -2.486273213677847225e-04
5.260536002896020564e-04 1.182467026245922950e-03 1.455304107840732801e-03
2.714001583920260408e-04 9.779321650636870443e-04 -1.876985265845225676e-03
-2.076698876797184747e-04 6.973899968858185503e-04 8.347129677512320830e-05
3.986663548082619753e-04 -2.340511024332006334e-04 6.933246347609031733e-04
9.123397016639355796e-04 -3.581366256148644394e-04 -4.639469968064817776e-04
7.647279459447988217e-04 1.200835165420215264e-04 -1.721058130473211798e-03
3.865085081479756119e-06 -9.704836267680384487e-06 1.585430824378172366e-04
-1.205782934521587363e-03 1.028856292734326881e-03 2.836817503683657332e-04
-7.305261401915824962e-05 7.237911929704947227e-05 1.274414229460672494e-04
1.179905064728647762e-03 -2.598639378198970866e-04 -8.537755291638494341e-04
4.392635737029856294e-04 -1.835799368464494422e-04 -1.093586149807664878e-03
8.214924770792875891e-04 -1.172065883407708117e-04 -1.035236267273666666e-03
-4.065091712539643451e-04 1.778193935026250018e-04 4.313300313793061143e-04
2.208843501144579008e-04 3.634024076509438455e-04 -2.316919440150690113e-04
6.789617750017787421e-04 -4.882450670449730331e-04 5.183272611046646494e-04
2.663237569416285221e-04 5.607285030900320246e-05 -5.586646770362268350e-04
-5.770128559597506671e-05 5.433890805689117016e-04 -4.275970475789148129e-04
-3.797396089091688320e-04 -2.633094624072836697e-04 -9.998771698753270570e-04
7.486430026763975232e-04 -1.407845965038125166e-03 -7.224579953699014363e-04
5.755037204544856974e-05 -7.512062963501600459e-04 -7.333283909629916865e-04
-1.990446745003649582e-04 -4.053729919347689504e-04 8.575494709868256970e-04
3.002126400501219572e-04 -1.030479861809123574e-03 7.665961168930211182e-04
3.858491469478344464e-04 1.644763234198620336e-04 -2.734443502393432441e-04
1.200055403063759481e-04 -1.718046076091905383e-04 -7.732747916921543351e-04
-3.879568569619927521e-04 -1.111348675458590277e-04 -1.066662832357069893e-03
1.404786116705907840e-03 -9.064840484424214508e-04 2.196087014721271723e-04
1.455755714559686774e-05 -1.780389924046340481e-04 -4.245825683556348081e-04
-6.848780148595628103e-05 -1.780182436634169738e-04 -3.242225443125583916e-04
6.294481343863856000e-04 3.711786145052280096e-04 4.124379177572676112e-05
4.904122215597557510e-04 9.643923389640018376e-04 1.179509925954603600e-03
2.431547915534056493e-04 2.283946312591912501e-04 -1.623112630629398650e-04
-5.493231921439082049e-04 2.428291856395050046e-04 1.682369809640374024e-03
-1.218375121019992478e-03 -3.307331446262314479e-04 -7.411541873262222956e-04
-1.570163072525764111e-04 -1.557070430701273716e-04 8.352974572837966937e-04
7.772304122405106729e-04 -2.579130003000187468e-05 -8.189231574698971946e-04
-3.267201729296008851e-04 -4.200846437656746506e-04 9.785296074204846879e-04
1.342246739902938678e-04 -1.993027365855022247e-04 -8.699191614786513363e-04
-1.230786718572999541e-04 8.585511064099637804e-04 1.464099817123062420e-04
2.923005750116471329e-04 -1.123349150821554296e-03 -1.273755199290382920e-03
-1.917630465748823652e-03 -9.425441194379865400e-04 -1.621744739201947966e-03
3.015394746115583613e-04 -6.179440585636465991e-04 3.270455202606453661e-04
-2.292060959224920908e-04 5.868193120374319517e-04 1.570376896492213428e-03
-5.895434360905415973e-04 8.504402019796804811e-06 -2.274589592611573946e-04
1.855070523183307771e-04 -3.115939132326221023e-04 3.700067527124580990e-04
3.155585163386788071e-04 -7.308239614726797038e-04 6.958666317406598471e-04
-3.115563582569721534e-04 1.394297065159524982e-03 -2.103115411099326651e-05
1.060247192092949242e-03 2.067353447140076557e-04 -1.248029288114682611e-03
-2.471158505723037332e-04 1.672067592022708589e-04 -1.719398108597415152e-03
2.759404336178463996e-04 4.276170734173497640e-04 7.805934606779016405e-04
-3.424453744494946505e-05 2.684272224022317866e-04 1.408545089638596221e-03
-7.287797128165680698e-04 -5.612261372197669719e-04 -4.993612870350396492e-04
-5.377725915063947008e-04 -1.094994011723100531e-03 3.155598984934886273e-04
8.010430593506672652e-04 -5.071147076594074423e-04 -1.823842462209629238e-04
4.526044512131302869e-04 1.818772372126584939e-03 -6.570296805856698191e-06
9.837689339698989959e-05 3.793060097090255114e-04 -5.654198518880313102e-04
2.569330994801470353e-04 -4.796244920564498400e-05 -6.436724501368127520e-05
-8.858634010583448177e-04 -5.534845201728865642e-04 -8.013506163823151326e-04
1.173228935947801584e-03 7.712239494774902546e-04 -7.691553080928850705e-04
-2.400519021842252175e-04 9.724509563875364691e-04 1.228983944657070890e-04
1.794210324385413355e-03 -7.898329810310765475e-04 -7.355632579999620566e-04
-9.108681824040896699e-04 5.651260750347769586e-05 1.307181005609740678e-03
-5.330820389873266486e-04 -1.633456554533514087e-03 -6.792419859660584966e-04
4.823290343564354851e-04 7.508929995124581983e-05 7.746484770498335152e-04
-1.603866546315006107e-04 7.584854087155485335e-04 -1.897625002636759334e-05
2.385370324334583271e-04 5.609526454919037215e-04 -9.148794750827390790e-05
5.308901548390415528e-04 1.282857960047625910e-03 4.968783780780458353e-04
-5.108707259765412180e-04 5.712424648395820993e-04 1.828011057395432636e-03
-1.559311752919009168e-04 3.823211731892990845e-04 -9.579660501939045707e-04
-7.022529290448391043e-04 -3.254682752160741412e-04 -1.771002197031123603e-04
-3.965850520727643119e-04 -8.649200515876200599e-04 -6.040116205478683001e-04
-9.534557736142955332e-04 6.178716928087860420e-05 -2.124532134228391417e-04
4.648437882544614267e-04 -5.765821527008811991e-04 5.067942007932849395e-05
3.307886983837384724e-04 -7.161646804903250144e-05 -6.873073109474421225e-04
3.006738249538395600e-04 -6.166781606674289666e-04 2.014349643459818220e-04
-1.241956147790606799e-04 -9.414530443368830962e-04 -3.046888675004682232e-04
1.787273711631329686e-04 4.494595783299721085e-04 -1.056383691317161868e-03
3.466258106868464655e-04 7.610441241081089894e-04 8.344582723198206093e-04
5.058984902821668213e-04 3.083086833064231928e-04 -2.528446103615693448e-04
7.317297963799822237e-04 -1.148572501523331593e-03 2.136262561682738398e-04
3.782776353360292262e-04 8.864827571286734102e-05 1.468540429282101135e-03
-2.695175717039534802e-04 4.804487012247276082e-04 8.641371715328035425e-04
-5.195571570669463898e-04 5.319162113467830726e-04 4.150740720307360618e-04
3.272373639416677345e-05 2.734816922518992018e-04 1.042777365378313916e-03
-3.361335458646521604e-04 -4.396997862666085629e-04 1.218971937750403271e-03
-5.232957084429384377e-04 -2.891562329636643042e-04 2.906246779345549708e-04
-5.474674222566745536e-04 -2.300286449091938244e-04 -2.852603148758091521e-05
-7.134196723279238785e-04 5.498545529599517100e-04 -1.449684620370419877e-03
7.484020533965276591e-04 6.805838568526640297e-05 -6.426179582823348627e-05
1.324927009672521839e-04 -7.256874597185094958e-04 1.173848721835092038e-03
-2.728295553278542169e-04 9.072045091428656682e-04 -2.453034615486830543e-04
-4.582565965912682336e-04 3.546921300055775770e-04 8.793819831076017711e-04
3.811702148526785743e-04 2.658059143392595253e-05 -9.599047933691896026e-04
-2.391093862583283181e-04 7.576305541226370120e-04 3.835901224133637932e-04
-7.254716105613109216e-04 -9.283452941288084295e-05 7.572450124635967013e-04
-1.513808799945054104e-04 1.158449722689496118e-03 7.274264333165491843e-04
4.651718919868146063e-04 -7.150597768254804464e-04 -1.458774612389877716e-04
1.415380874110251132e-03 7.239424382265365358e-04 9.846476940139046747e-04
6.203773757856304505e-04 -7.555697826477114935e-04 -1.285276879397983325e-04
-8.531348229777777981e-05 2.527194192740287891e-04 -5.302941674878903664e-04
-1.467836637945017537e-04 9.897007400405616415e-04 6.003814725299495733e-05
8.199593305322382857e-04 -7.554945369075856659e-04 -1.127989134780554153e-03
8.170774566328605762e-04 -9.246925473674438671e-04 6.073603435691556952e-04
7.289573484877327509e-05 1.848156061874634427e-03 -1.180806728653221917e-03
2.886577133430319399e-04 8.507854477095271734e-04 1.745232639484494374e-04
-1.526669614573167614e-04 4.904258231155432350e-04 -3.634950819441046884e-04
-6.297821029944634984e-04 -9.579201069545997078e-04 -5.623494056875579482e-04
-4.539185110904618765e-04 -6.426907779723766388e-04 -1.480989340454626126e-03
1.122269592600516142e-03 3.499991599525786287e-05 5.648445387172744588e-04
5.170366550632269839e-04 -4.067696514398123258e-04 5.827949511613346760e-04
4.208583314074872020e-04 -4.161238628369346863e-05 1.111440608409250061e-03
-1.142063040887799920e-04 6.384656557500425437e-04 1.544062846614707935e-03
6.139101197528340416e-05 -4.296476449759123743e-04 -7.802603669735964356e-04
3.117977670297580645e-04 -5.108313246651093606e-04 -2.287867195178179026e-03
-1.009364650743913190e-03 5.099734482628011639e-04 -4.714061159947185021e-04
1.201229726771480807e-04 4.612317043756097488e-04 1.043780871604956170e-05
2.416961867814153785e-04 -1.304390236365077357e-03 7.157987199979219803e-05
5.389980473527655400e-04 -6.321069089162647441e-04 5.934020752390686999e-04
2.613734609607660308e-06 2.789559803169557603e-04 5.907866901601199630e-04
-1.043090106635126500e-03 1.014430448367622303e-03 1.310721324947754186e-03
2.465786241462054862e-04 -3.093398556332630812e-04 2.193557754791734598e-04
5.349098804966659999e-04 2.821919870018622348e-04 -9.099596902538481177e-04
-1.205613033361959156e-03 -4.599131674929854093e-04 2.995865182164232383e-04
8.788097653398640021e-04 4.769209886249793878e-04 -5.394159738753668632e-04
1.185678472257154512e-03 -6.729781442555854160e-04 6.892211669361272006e-04
3.463022891140648749e-04 -7.797911095415407435e-05 1.716809408560142662e-03
-2.379291088490733958e-04 -4.123248129083712508e-04 3.637700085997535812e-04
3.373060259847379064e-04 8.422382753897782919e-04 -2.320164824056973260e-03
-8.075854099805841908e-04 -2.757764410127337478e-04 -1.266435376820718075e-03
7.430008952168764939e-04 2.885323964284093406e-04 1.432294225006927233e-04
-2.829661862293848329e-04 5.462704436086473738e-05 -5.281501745673329367e-04
-3.327080631924828492e-04 -2.983977737677127135e-04 -1.747361494337223834e-04
-1.177765022574103065e-03 2.410353156679022031e-04 4.258000439374411378e-04
5.564923837368858112e-04 -9.089314013816024364e-05 1.208057875469028473e-04
-3.420737134004989155e-04 -3.056666232540319314e-05 1.438400982864311908e-03
6.010799072014005049e-04 6.735871462421160871e-04 3.401911832203523517e-04
-1.486394660196247971e-03 6.969972566723220766e-05 -4.133582540623463109e-04
-3.476458792657932543e-04 5.793650859952895367e-04 3.174275330999551934e-04
8.703213557061827881e-04 9.639444167368372304e-05 -3.213956610836025008e-04
1.427665710272359428e-03 -6.463375647007557493e-04 -3.108257696173432499e-04
9.359787003304587344e-04 -2.101580899779570270e-04 1.996122743462545347e-03
7.928460029982229177e-04 1.068184085156846110e-04 -3.242921134379409031e-04
6.478459090772203770e-04 -1.622698725962081140e-03 5.230934405258754090e-04
-2.285067421932527221e-04 -1.745944799990124092e-04 1.414469598457644348e-03
1.906514508679096453e-04 -8.897298036521035427e-04 -7.477653869719519397e-04
-2.096250909149041176e-04 -9.710559459774819680e-04 4.605603654315077486e-04
4.350125563312394467e-05 8.832234453726014664e-04 1.205926371295680440e-04
2.977446659330280280e-04 4.554734143065974602e-04 -9.049851773749196257e-04
-3.461403725016023612e-04 5.709645455297488468e-04 2.996376768870555795e-04
1.099159318269870688e-03 3.951711082369264083e-04 1.009049578198479040e-03
1.790386981709745815e-04 -1.689759527023537212e-04 5.516564556810289125e-04
-3.105830300757325040e-04 -2.263526998734630308e-06 -2.932007136532610234e-04
-9.068167393280268185e-04 2.322737908038684782e-04 3.082169634826807279e-04
5.321037581951037305e-04 -1.551283153010776285e-04 -3.502136384800262170e-04
-5.945656319539845006e-04 -5.269628020284005754e-04 6.989457120783491633e-04
1.551881368054469407e-04 -3.777058027236197693e-04 1.094375970859613268e-03
-2.467527406915555463e-04 3.047807004772134978e-04 5.610079515652511596e-04
-3.919323522156645126e-04 2.798758935055881613e-04 9.435596534211860992e-06
-3.551925544645775468e-04 1.184665340130402767e-04 2.013859710822814893e-03
1.318031659004208407e-04 7.898213280349946882e-04 -4.397636815386005908e-05
1.209954060443867965e-04 -7.698668233150705430e-04 2.120716623482648406e-04
-9.353382613173647419e-04 -2.559152382391372991e-04 -2.762248697567542383e-04
7.767523895081954654e-04 8.103318945354206354e-04 -1.000261264585106330e-03
1.440095041839610838e-04 -4.154929886336300926e-04 -6.570085876460583828e-04
-1.016436136159168694e-03 4.150495469315832104e-04 7.479809476318635816e-04
-1.388587555474350482e-03 -1.333924834876520351e-03 3.886409245215066526e-04
-7.343514523857930546e-04 5.232823129932846328e-04 2.588968144778058334e-04
-4.097862568621549553e-04 9.726788545006591824e-05 1.705719688773585114e-03
-5.370469957311328627e-04 1.384382829490388514e-04 1.392646698241969223e-04
-3.783905462513071413e-05 2.410596784356411728e-04 1.967956778091570701e-04
8.924388499097317407e-04 -1.096375711164798402e-03 1.643795897430438318e-03
8.970498850931496199e-04 9.376883380680763524e-04 -1.954820436215449955e-03
-3.642050761920082014e-04 -9.061580301308733891e-04 6.297628439350077796e-04
-3.684805101571491867e-04 -3.085571425119644625e-04 -5.868448337546653456e-04
-7.148706275622304174e-04 -2.152016432746737238e-04 -1.207870444156608540e-04
1.834816434389250663e-05 6.033016551511369979e-05 -6.416623448412741171e-04
-6.735286659352239091e-04 5.419967120576541517e-04 2.764145592155524997e-04
2.133529207026027671e-04 -1.438815524061245327e-03 -5.818044666273600174e-06
-7.736815365028205439e-05 -1.146877280739471957e-04 -4.270544569413518431e-04
1.609392002421217377e-04 8.561685271081993526e-04 -9.607238350775613783e-04
4.786976171226877915e-04 -7.684378027147789126e-06 1.708389491754017976e-03
-5.151188767767626939e-04 -2.270227341944679604e-05 8.721262260308887534e-04
1.068431408266043263e-03 -4.652460208768565558e-04 -6.601939816210593932e-04
3.204684594012184237e-04 1.242470484532478072e-04 1.763245863395345760e-03
1.738323240159882059e-04 1.543746270217735965e-04 -7.029272603843302004e-04
-7.638231692157463769e-05 -7.667529619444262345e-05 -2.698916633248276504e-04
9.635704251326133226e-04 3.606607546103085993e-04 -1.114467745408925835e-03
-2.861243956163473127e-04 -1.121377902833960594e-03 -1.163943340876123517e-03
-5.150834402691744718e-04 4.360130069913851331e-04 -5.602963990853077189e-04
-2.725296726385146562e-05 -5.412982138770575102e-04 1.154166094029839993e-03
3.935019052020722469e-04 1.941005662265488584e-04 -8.405942930480406498e-04
-2.375037767717113441e-04 -1.019211620890964846e-03 5.286694482405353496e-04
-1.265655076986018117e-03 3.218502383798701544e-05 1.334406459570981968e-03
-7.104209681946407982e-04 1.198745606009593692e-04 1.947908073456451953e-04
-7.823727905022615327e-05 6.304879303349861285e-04 -3.961835226976853034e-05
6.196604291761416330e-04 -5.929721956960668687e-04 -1.762823228771931905e-03
-1.784118719684804144e-06 4.366845989805293558e-04 -5.015536336918643501e-04
-5.676327351411605002e-04 4.887181123949163640e-04 1.944066816219903451e-04
-5.900725647160080843e-04 -1.571568436439860130e-03 -8.568177264815630099e-04
2.190801663660151986e-04 -6.663561378267351606e-04 2.719259454540594529e-04
-5.280622607755173234e-04 -3.973503290589504256e-04 1.879971660795592536e-03
2.072546573409132331e-04 -1.087474922598779441e-03 1.390275374198338392e-03
-1.116604180169261228e-03 3.278368744517403169e-04 1.052061678733847956e-03
-2.528108153841313421e-05 -7.122378899211334797e-05 1.476793635459128088e-04
2.740373731311504133e-04 3.604764865067519130e-04 -2.832424060365762788e-04
-1.387943409184003076e-04 -8.376956110264764405e-04 1.057376027245721583e-03
1.039552123677290167e-05 1.003836761914793981e-03 -7.142484681968259367e-04
-5.432136213836165090e-04 1.251449717560074908e-03 8.636372437738592785e-05
1.337821746706311689e-03 -4.638457455781817688e-04 3.979934167156423219e-04
2.323289455601973495e-04 2.364015589696760896e-04 1.116151688387929681e-03
1.662168293812856369e-04 6.575661667057638299e-04 3.395898417550831209e-04
-4.049066674390753781e-04 1.143097266777314225e-04 -1.827255431992923489e-03
1.272770878248528047e-03 1.128472074642464674e-03 -7.049607108077428786e-04
-5.310814909870775801e-04 7.619002721263106685e-04 1.725476965035358358e-04
5.158287533758604704e-04 -9.272809544339309488e-05 -4.051173768631812096e-04
-4.775625012888112483e-04 4.127237512052159372e-05 -4.373897352263611798e-04
-7.961351548846429867e-04 -1.637489554909762348e-04 8.845693227417574531e-04
-9.327579711726653863e-04 -1.002192674144659478e-04 1.335674464894163332e-03
-3.810242893130470873e-04 -4.748713225192359552e-04 3.284692043071067301e-04
7.541984989150734035e-04 7.584995586696317588e-05 9.538234420307773430e-04
-1.798843964253913751e-04 1.991383766749344516e-04 -8.456968345421301192e-04
-1.144552027195292962e-03 2.839676345123436411e-04 -1.265045795034596332e-03
-3.650048618096331959e-04 -4.926932358628314704e-05 -5.351679257984858547e-04
7.499886578659543555e-04 -1.644457321232037058e-03 -1.133127359162035665e-03
-8.769348560323907279e-05 1.454742045859167129e-04 1.514356466159901113e-04
2.817610479022956841e-04 -1.032069265282951681e-03 -9.211526328592331775e-04
-4.098691023575239210e-04 -3.707974340197120640e-04 2.371513982315094074e-04
2.535758220439928508e-04 1.496539830082446265e-04 -3.356680329770312201e-04
-4.542840265700573009e-04 -5.494981269596122599e-05 -1.100371572592524555e-03
-5.917132602849037694e-04 -3.958302767685129031e-04 1.462293274806762558e-03
-5.634500963010788269e-04 -7.682167798317677968e-04 -1.078185538395162713e-04
8.173657369405073342e-04 1.214494759724619874e-04 8.395227270204386324e-04
-8.572825179789240850e-04 5.015369171750104363e-04 1.278885789744654009e-03
-3.045642687818963775e-04 5.813444233859808115e-04 2.806096372487804601e-04
5.919610349411861270e-04 -5.084828603733727945e-04 -5.949001771215443055e-04
2.644555995638280302e-04 -1.788587198742460976e-04 3.730666683617748559e-04
6.885815034099145157e-04 -1.260583257841722815e-03 -8.000821780931061003e-05
1.697018548782688353e-04 2.192155781469485633e-04 -6.882247504515497279e-04
-1.950242593677027115e-04 -9.757242446659791790e-04 4.266168758888644720e-04
-4.402066290956585482e-04 -1.371558549643173575e-04 1.247057631657300016e-03
-7.327807080473702338e-04 1.177088230246529921e-04 8.560328689177937886e-04
-3.266658371490355488e-04 3.873314368072221562e-04 4.886147872873169984e-04
3.570245251571757777e-04 -6.648575889625485793e-04 1.966316499058718033e-03
-1.183484342010682200e-03 7.411518332218030832e-04 -5.581711743464684615e-04
4.884346598601449789e-04 -4.286690149951405036e-04 1.038989720425307879e-03
7.171243037199422901e-04 -9.070447598990801549e-04 -1.131527116803895877e-05
1.463422737177530149e-04 7.891622310250781275e-04 1.107266216187401510e-03
1.051797758221039488e-03 8.627200253357180954e-04 -7.151483674972279386e-06
-1.181352897153579557e-05 -2.376636170092016160e-04 5.634415459703363523e-05
-4.838729358326232456e-05 6.348194056469071318e-04 1.282975436127987241e-03
2.437660983445735297e-04 -5.399179516613820777e-04 -2.262602054281252404e-04
-3.303043159808922904e-04 1.069178041750389442e-03 1.203276541959190501e-03
-9.454115260788379955e-04 1.254827480203973399e-03 -8.176992702002227296e-04
-9.619143092037810887e-04 9.531376426091634239e-04 -9.413905199969008555e-04
7.142407474432216742e-04 1.275237011488029090e-04 5.230886302453613418e-05
-1.668578534475663802e-04 1.277592997711963097e-03 1.950652466858775799e-04
-5.642967834121788168e-04 -2.990117317429389341e-04 -8.208081978143773382e-05
2.286253903087868782e-04 -4.343655839541210942e-04 -7.264542281428010859e-05
1.071022947799609229e-03 -1.542835136057741621e-04 2.020912930744531068e-03
2.490185923643604781e-05 -2.717719998405298924e-04 4.788219277789168592e-05
-8.348336321462604620e-04 -3.055078372511610342e-04 -3.423480939878747976e-05
-1.121445243325854360e-04 5.745772173536363350e-04 1.214518501243238256e-03
4.837437195305351631e-04 -5.193382829653287337e-04 -2.275313700823494505e-04
2.827933684141034111e-04 -1.481772509465466477e-06 -2.884340798467313624e-05
-2.918919705014883783e-04 2.264129123990428743e-04 -6.999446422938359344e-04
-1.519643709072236466e-04 5.612922935492325755e-04 1.695775558950968741e-04
8.615298047609574019e-04 -2.489062622766849268e-04 -4.888337214066352078e-04
1.205719108565699678e-03 7.967680093571015724e-05 1.294144581924953972e-04
-1.039843946048121933e-03 4.690935215582168788e-04 -5.865616286183073479e-04
3.129724361626222509e-07 2.097528419990597021e-04 4.188256706231778146e-04
1.534007643095115564e-03 -1.605637050890775571e-03 4.488372529106012063e-04
-1.184237033218742656e-04 -7.115546690802411738e-04 2.362928914539278271e-04
-3.209565452858331508e-04 4.449517625967745900e-04 7.699884125604843522e-04
5.002671063461165777e-04 -5.354061992110421830e-04 -1.478868016743264046e-03
-7.807194165771329545e-04 -6.656797512068840723e-05 7.239504139276019441e-04
-7.317513842507102377e-04 -1.161419082809297086e-03 -8.673449123240971640e-04
-2.636926775910591102e-05 -8.707436215753274985e-05 -1.040830952229802571e-03
-6.726203636619156523e-04 -1.118980062785274480e-03 1.436606910869539294e-03
1.010725757217688803e-05 7.059635927815701578e-05 9.467299841342043543e-04
-4.014187500093839285e-04 1.084357358383469805e-03 2.003600367226633346e-04
8.761401511998750729e-04 6.755451044843452726e-04 -1.753545328780189072e-03
1.622729687445860275e-03 -1.717453001576215799e-04 1.160636211308917892e-03
5.284731593024799600e-04 -4.488671886891014364e-04 -1.534390479879244582e-04
-5.144509229518799166e-04 -4.500550939772340756e-04 -5.900631394366479291e-04
8.588223193122646428e-04 2.734975433756785864e-04 1.017384631713956836e-03
4.048640765910690499e-04 -1.038210474883339163e-03 1.094494439250594340e-03
-7.637375163839691230e-04 1.137538521117529124e-03 5.637598347018609552e-04
-1.367694549474258005e-03 1.507790976763437394e-05 -8.184727929753224428e-04
4.406341030797781351e-04 9.146374798512073171e-04 4.149311135177559612e-04
-6.462698815499436816e-05 5.661635515181949983e-04 5.217893513996535578e-05
-4.488622286171234008e-04 -1.164430574748803824e-03 -3.583055445707675549e-04
5.679316974949676338e-04 9.022181708509192282e-04 1.375225297599332974e-04
7.713718078259787630e-06 1.582045472648713593e-03 -1.584050860018549256e-03
-8.327376843102400443e-04 -2.045420933468958811e-04 -7.413601385674898833e-04
5.719887443051074015e-04 -3.211996534106273480e-04 -1.019483614129404730e-03
6.882250151669490885e-06 6.759101980127507799e-04 6.074252974108132952e-04
1.343467233950406238e-04 -1.399504305894954965e-03 1.256741428285056313e-03
-3.430986057694832003e-04 1.743400983462012604e-04 6.186447166353204298e-04
-4.681090828936010817e-04 3.060483082491119531e-04 4.202338238057030294e-06
-2.620132028367239390e-04 4.596702723090556435e-04 5.433620492888687013e-04
-6.953866092849417127e-04 -5.842579176382129477e-04 -7.733655608884638542e-04
1.402247100012152768e-03 1.365938727108964535e-04 7.726067202853262924e-04
1.609962386242817128e-04 1.325370694783677020e-04 3.320365137140694696e-05
6.440391532995086172e-04 5.707520500837559357e-04 2.518740768923133930e-04
7.301508199158360116e-04 4.657957086694554426e-04 5.423506445581455823e-05
-8.827017577208349196e-04 1.568216502236665331e-03 6.224399763822282368e-04
-1.229167236352455162e-03 9.695960453772098885e-04 9.055223950642378016e-04
-1.025509438530049916e-03 -6.776624438504168062e-04 -6.439497014357563722e-04
1.513071900811837234e-04 -9.259279249695656492e-05 -8.665333046718189753e-04
1.370774792703211725e-04 -6.515912836199807753e-04 5.211187029341912084e-04
-1.193351732007351049e-03 -9.964794047762840900e-05 -1.098744183522767101e-03
-1.097528054770424699e-03 1.039461154818043789e-03 1.479720645594018689e-03
1.809244236839802652e-04 -5.412829230044784298e-04 -6.676309059056162584e-04
4.877949605571516674e-04 -7.531633565503139576e-04 6.497375029659737235e-04
8.694060533332318504e-05 -7.621768020547006924e-04 -1.869013108441108188e-04
1.015989803071758527e-03 -6.081222337061517645e-04 1.016297834832197069e-03
1.355019679459395056e-03 -1.082902312174380808e-04 1.932684986296479815e-04
7.343997625495215197e-04 4.136884443675256868e-04 -1.887831088343334030e-05
6.899658316108372253e-04 9.760360740448110312e-05 -5.359477624661265283e-04
1.624103000866411982e-03 2.288736270612092883e-04 2.528434604830696354e-04
-4.076507880911563143e-04 -5.375527922019113355e-04 -7.269068353457580698e-05
-2.919298316756581543e-04 -8.896679115042268248e-05 -1.398032778843206082e-03
2.952783430749939586e-05 -1.611637542665577153e-03 -1.586595420938786754e-03
-1.116651116073620739e-03 6.303211702004912992e-05 1.629516756119445012e-04
1.085895115200254417e-03 -2.488585745945111533e-04 -1.754120821874010109e-03
5.355005547898684026e-04 5.941148198964196075e-04 7.027040869582571771e-04
1.503644225261888730e-03 2.217802036649808568e-04 -1.266026375854235062e-03
-1.327343294034303883e-04 3.335666525386083640e-04 -1.338549346413876609e-03
1.253201196580980895e-05 -1.226093339838641100e-03 1.710050244662671051e-03
2.375572876817029250e-04 -9.532092253009176257e-05 -8.209921312925575441e-04
9.714113783556294741e-05 -1.224529094306335769e-03 -1.179207285479139420e-04
-4.137712546188946055e-04 -5.496926824163103040e-05 1.106497591174439169e-04
8.158604686680901883e-04 1.204493250154754010e-04 -9.787075986777195877e-05
-8.338772157520877573e-04 -6.036493782810625682e-05 -1.406483123933185368e-03
-6.034729499257551061e-04 3.986031668263036312e-05 1.539200776534248113e-05
-1.678700589377700870e-04 1.438462984807055076e-03 -3.963231775815761462e-04
5.997943758299493664e-04 -1.103042251802803259e-03 9.893549951685543485e-04
-1.354205681130027416e-03 -4.960650545960376126e-04 -8.987767017640674316e-04
-2.522969529972186437e-06 -7.137673071475211435e-06 -3.331105653110031013e-05
-1.786805423502546412e-06 6.940418477328194396e-04 -1.494113370443995511e-05
-4.854028537905260974e-05 -3.061005723812791602e-04 4.437832946516036834e-04
5.194849982528077425e-04 -4.940488258063668349e-04 3.143969411013916300e-04
-1.956545202199323655e-04 -1.883582616185036228e-05 1.021710634368930488e-04
-9.283603036937800122e-04 -8.479785902080560307e-04 1.051501088564531401e-03
5.081378297115588753e-04 -1.361998407994567933e-04 -5.574431446322003362e-04
-9.882122376086255149e-04 -8.211533669712394509e-04 -1.406633309063477788e-04
-1.086318188039761703e-04 2.212732043396051533e-04 -3.862680807094314296e-04
-3.792914919622702627e-04 3.930607610703941868e-04 -3.152525674620996858e-03
-5.485465874323790150e-04 3.077018756399777497e-04 -1.259499822762037832e-03
-1.614809757113019003e-05 -1.237393385704314017e-03 3.707042145382152300e-04
-7.108700704478835859e-04 -1.617780577955215510e-04 -2.058670704197503661e-04
-3.581672446176346891e-04 1.362646911276184413e-03 2.702216130827771049e-04
-4.925134890067725535e-04 6.014745092366171296e-04 -3.667804382696941451e-05
-1.970508414757503725e-04 3.829057646198080690e-04 -1.656931052772486301e-04
1.861148126203406744e-04 -2.670979082122008062e-04 -7.495921957088973187e-04
5.290121305214103399e-04 -9.908087629774665027e-04 -3.056857949454075537e-04
-2.594545175147973458e-04 3.304548027337903459e-04 -2.215942872127910188e-04
-4.337145982445346146e-04 -1.024262498206197962e-04 1.701015040747160532e-04
-1.769363815635974647e-04 9.946379455365629303e-04 8.356527505485640420e-04
-3.395573085846420532e-05 5.138418059889290424e-04 -5.910694327265775001e-04
2.990881632268956297e-04 -1.719277588410852878e-04 6.029685169406419218e-05
-8.712500542807491205e-04 -1.984549258432452849e-04 -2.519738144058833972e-04
2.582321683049698452e-04 -7.884500912282859948e-04 -2.321754757258048379e-05
-1.340071204623066400e-04 6.538160926523036787e-04 1.777582399910415334e-05
9.427434693384292689e-05 -2.644538336239822323e-04 -3.751292674606857935e-04
-7.474878414197612527e-04 9.424689247826382879e-04 -1.021342373230698470e-03
2.043873974564344026e-04 -7.793388475590175149e-04 -4.384274416720518189e-04
-7.835619470082525254e-04 -4.052374203819907972e-04 -1.383027611966545362e-03
-8.048471115726209615e-04 -1.426927263578552465e-04 -1.061819475851491761e-03
2.609814522371076530e-04 1.084641842765058598e-03 -3.536886226909943120e-06
-3.689457289060137524e-05 -2.716475347238485566e-04 -3.857156313231032948e-04
4.405185158016167499e-05 -6.083802916267748656e-04 -8.060656619124725473e-04
6.127584731321362565e-04 -1.718360298769536936e-04 9.937959007069543417e-04
5.134290439473054640e-04 3.802372756491978695e-04 1.379656321859119806e-03
-4.404392227881931968e-05 7.284566398355489568e-04 -1.060554495662581302e-03
9.922965074853891485e-04 4.891907917644163157e-04 -4.009151692541222255e-04
-5.442622892697916064e-04 5.166449567166709418e-05 -1.471294247182729957e-03
2.453432261692277405e-04 2.180930232660405839e-04 1.105063420691742388e-03
-5.742329601066523169e-04 -7.212010998453899401e-05 -2.122517452574921963e-03
1.832222672274486401e-04 5.675316985870469590e-04 1.222966283135158629e-04
4.562599523051277502e-04 -3.062262047654810385e-04 -1.523368580294233768e-04
2.604195138147096531e-04 1.987626787395802247e-04 1.750445216630962513e-04
4.590920341917250551e-04 8.536760905063314232e-04 -1.174341678652611942e-03
-1.364443163492791043e-03 -7.486425402295372039e-04 4.358683894044928717e-04
-1.039758174161262887e-03 7.263727119841764538e-04 1.298678045060779485e-03
5.330636603712433133e-05 -1.358822336213569445e-04 1.070345802889871231e-03
4.544215430336433800e-04 1.381747244356009395e-03 6.474299048233719735e-04
6.964440693432043033e-04 -1.979039545665158169e-04 2.900670767589072540e-04
8.911623760285851447e-04 -1.317744745368616905e-03 -1.317976635756502510e-04
1.128295373623789538e-03 1.091563406888328644e-05 3.731838052755892337e-04
-4.176241663630053604e-04 9.455450286198200565e-04 -6.519566184126150384e-04
6.595162211662118287e-04 7.122824340390134521e-04 -6.625256393543206427e-04
3.803761973201327589e-04 -5.071481928717822560e-04 1.432962577330897363e-03
-9.757807953712006356e-04 -1.106043085183911054e-03 8.468068040538928804e-04
-2.569073216235647069e-04 -2.181652442211146677e-04 5.140664205896081519e-04
1.266329191241559113e-04 3.083175206168667381e-04 1.135548431369532004e-03
3.407374356987884364e-04 -4.783820261641974513e-04 -1.954523394515778338e-04
2.182194143183443006e-04 3.881420687502817380e-04 1.552290856521364529e-04
-1.180384592428981286e-04 -1.019126632972931637e-03 4.348190401013745580e-04
4.532516984032157405e-04 -7.746463993759551952e-04 1.891410665505314538e-04
-2.528610522898110211e-05 -7.266556764935785907e-04 4.019366922381051440e-04
-2.763868492802941954e-04 6.947239640257727930e-04 -1.191803705059142973e-03
3.214015145910936082e-04 1.490388768009405463e-04 -3.411704237391676299e-04
6.823910448361714164e-04 -3.881668856721702705e-04 1.082928005514553369e-03
-3.118627774248554385e-04 -3.012792533288777318e-04 -2.428207316668608696e-04
-1.067865615653312058e-03 4.059347117251663173e-04 -4.660939226559394953e-04
-9.812265140591448613e-05 1.315237921079814008e-04 -2.141007863286351802e-04
2.603564279615906978e-04 1.062436277818814439e-04 -4.859512710715489792e-04
5.786583401910879885e-04 -4.982208384497311500e-04 -1.380510215909412901e-03
-1.193629631029585660e-03 -2.335916342495195292e-04 -1.040778640339642654e-03
-3.396856562431596377e-04 -2.350043889566010599e-04 -4.091574544945346717e-04
-4.723603060344159729e-04 -4.295298690844889995e-04 -8.911019035485424553e-04
1.516205894283617281e-03 7.859111292660508029e-04 -8.593314162709400975e-04
2.318595896114618174e-04 7.909738779619530750e-04 1.505733551667201922e-03
-2.319478155204374696e-05 3.293930652894072988e-05 8.149043327809849272e-05
-5.045795290717706690e-04 6.940245544849037466e-04 -5.520949504485873904e-04
7.101691127801999705e-04 -4.383272362830539066e-04 -1.714005287969240737e-04
-6.405998184386169515e-04 7.039988141509928837e-04 6.813083272208900762e-04
-8.515398318403321915e-04 -7.071509988136101934e-04 -1.804310941658518951e-04
-9.874088381925003825e-04 4.338080870484123603e-04 3.081411134430121486e-04
-1.862187110985465675e-04 2.541150280919511579e-05 -4.502829173297551624e-04
7.154353217636191635e-04 -1.749876415514509175e-04 -8.730013657651270473e-04
-5.386147712067846077e-04 5.667137067066190534e-04 2.501180492891586036e-03
-1.709716882980837440e-04 1.102080556266074184e-04 -1.893770843528588311e-04
7.577256149892638327e-04 -8.316590970018318063e-04 4.410996952432705330e-04
-4.851478194217264447e-04 5.944681187601297831e-04 -1.496333179098183848e-03
1.630425106901904825e-04 7.317718829693660096e-04 3.303064992939187014e-04
-1.168728022769290314e-03 -1.709020918808170665e-04 -1.563942836937328709e-03
-4.818007839978563286e-04 -6.778433742437080939e-04 -2.589865326596935483e-03
-6.973401659150836075e-04 -5.693751555445413339e-04 1.448716872671728891e-04
-4.684430434694322374e-05 -3.957176640328040232e-04 -2.792515316867264386e-04
-1.033716075959426094e-03 -4.885220337881812603e-04 5.739381756498264636e-04
-1.269672917443926611e-04 -1.308788975452536418e-03 -1.538269241060241524e-03
4.843968401729603396e-04 4.486805226310787886e-04 4.215293039482703838e-04
9.176014969298903427e-04 -1.208625810164527055e-04 -6.854945112318281721e-04
9.156581876108133532e-05 -2.294950968209437836e-04 5.899978664180062244e-04
-3.350604835878566966e-04 7.588683974531507939e-04 5.268254972327461594e-04
7.097779822458735906e-04 -1.258917889366100102e-03 3.908544400269612067e-04
9.925052336230417820e-04 4.414635733884372738e-04 -9.241639422487436101e-05
8.865329994522925085e-05 7.112705793335200250e-04 -7.818403659937500725e-04
3.924461422996034323e-04 -4.435037937662398969e-04 1.767277582287061491e-03
5.427529238037862589e-04 -1.777699634519246976e-04 3.327035655307749901e-04
4.566817022743879621e-04 4.488616840489241099e-04 4.391604580595760178e-04
8.888055759977264020e-04 -5.190492889542384089e-04 -6.183701153216416982e-04
-2.194139811733837326e-04 -5.406820579549585521e-04 1.766126183530868478e-03
-1.534010350497509419e-03 -9.348627978747803052e-04 -6.318266439323464009e-04
4.858513798074246405e-04 -2.319914856003896199e-04 -6.521371982689153990e-04
7.368146553221545294e-04 -7.864718668441905702e-04 -1.581655292438076529e-03
-1.178924505591052779e-03 4.898548252745045127e-04 3.063979834559993906e-04
-5.362522792421527042e-04 1.231569213657803539e-03 7.542085451022449444e-04
1.906608341766104578e-04 6.417032261199537941e-04 -7.942320594357220450e-04
-2.594347787615030481e-04 -1.130702151550247778e-04 -4.121384709152937426e-05
1.460797868722846107e-04 9.382724775616024370e-04 3.411344212562896069e-04
-4.053181557817432971e-04 -5.107956422323451902e-04 4.452500143386645408e-04
6.390198023354923176e-04 -5.859709223430937218e-04 2.872185562287992940e-04
1.140464033705885843e-03 4.536862974360398476e-04 -2.502656906736307722e-05
-1.145125080494993576e-03 -9.470559942874654360e-04 -1.124471734569822872e-03
-3.019249227431194537e-04 1.899747747620528064e-04 1.000571078891219741e-03
3.002314867579471331e-04 1.201788288488864383e-03 -5.148431626257976654e-04
-1.086535324844837435e-04 2.394415001351472860e-04 4.170868781351754666e-04
6.409017809420273354e-04 2.939120096488590374e-04 -1.268304963383521441e-03
6.304910999190834831e-04 -3.632177653709983928e-04 -1.199555134962226443e-03
-4.658216334638904440e-04 -2.115054767502236787e-04 -6.725763058374586902e-04
-5.532331814668862025e-04 -1.352344026440144027e-03 -3.413435449863171166e-04
-6.690034212116119676e-04 -5.230209761831396565e-04 1.270369107260593995e-03
-6.539286543479186408e-04 2.114629747665098755e-04 -1.146866093226120258e-03
2.916175175730138357e-04 -1.146128175391770065e-03 1.143737939391744653e-03
9.599975513549108145e-04 -7.268773194960231844e-04 -9.122067324849278966e-04
-8.876822709650018361e-04 2.961332595660699915e-04 -7.319658155909532834e-04
4.344452884761615158e-04 -1.276621996615928591e-03 1.525093018527923271e-03
-6.971506035553737615e-04 -6.007784441265981825e-04 1.488354770997807807e-03
-4.197974385969411746e-04 -1.964682973851930396e-04 -2.077093502188343064e-04
-5.380828474665555385e-04 4.603983908811830447e-04 7.421970103884039998e-04
-4.147478482305220408e-04 3.030864780012656830e-05 3.095361258636120799e-04
3.230038969239023205e-04 4.880262270499345645e-05 -8.343689372824380146e-04
1.246977439814616175e-03 4.124827859583909658e-04 -9.347821773962388617e-04
-6.070069033391507643e-04 -5.898626647842312694e-04 -5.766599764222684341e-04
-7.178823264150661551e-05 -5.148024844715972477e-04 5.617985143667886001e-04
8.224810652689007592e-04 2.686706853497371813e-04 -6.185040252084904322e-04
3.247461928974153776e-04 5.450782231522530386e-05 3.827195085893072310e-04
-6.990085276630951701e-04 4.026509679663163696e-04 -1.494854648256894775e-04
-7.092462641723481327e-04 4.134909563396984319e-04 3.279349923532165760e-04
-3.727863928170319996e-04 1.015985153860706521e-04 9.373330408635764579e-04
6.367106738149806667e-04 -1.462776620375217273e-06 1.259478994479934890e-03
-1.386396800641939763e-04 2.886291474105321764e-04 1.380833051765320747e-04
-2.228646341781506668e-04 -7.017944909618828529e-04 -1.108741591513285512e-03
6.390569661730775668e-04 1.606714474828357378e-03 4.983897024584898290e-04
1.221793514737407309e-03 2.261933092201784011e-04 1.119525486671738186e-03
1.101801647561809639e-03 -2.142236407961947237e-05 5.409146713950653898e-04
-3.303988672311271513e-05 -3.281524916685916483e-04 1.235982932676055039e-04
5.858289600322249841e-04 -5.039319795388852224e-04 -1.514451930400723470e-03
-1.066444576738008422e-03 2.954610682492172136e-04 -2.527228199039221156e-03
4.624190517296821617e-04 9.571836119445655639e-04 -1.530075987402783767e-03
9.199891104630544651e-04 -8.198087140303217347e-04 -9.570002198053979283e-05
-4.089097053265035807e-04 -4.835600056036458688e-04 -1.296854813159042550e-03
-3.518961194569221983e-04 -4.269096733077469064e-04 1.135392367011505213e-03
-5.164836917545637682e-04 2.160921344900542697e-04 -6.313268238801027576e-06
-1.549283309925396693e-04 -1.769368089526935565e-04 3.885291424273183453e-04
2.043417581543000017e-04 9.742758559066143874e-04 -4.863711574145950672e-04
-6.760027168129770139e-04 -2.132033528363549936e-04 -8.765325067125098041e-04
-6.422657882513725311e-04 2.718509975195238719e-04 -8.887046190996309705e-04
-2.663897842863097382e-04 1.564813160370640997e-03 -1.193676106120902560e-05
-1.332157684322684285e-03 -1.217328307222862409e-04 -3.087308197595548952e-04
-6.499790964137388280e-04 -8.058474689180991721e-04 1.619166649841511556e-03
-6.840175954370310415e-04 1.212184535372569757e-04 -7.677276578547371057e-04
1.389402524378379996e-03 -9.273631771277320894e-06 9.316259395887813979e-04
1.195035730093824480e-03 4.827704895821262375e-04 1.478624037847808869e-03
1.219543645417343501e-03 -8.097092320476939218e-04 -6.387551238308299953e-04
1.296675698932295620e-04 8.648202466201947288e-04 4.663318697252631130e-04
-7.425110208373364743e-04 2.030574308687292087e-04 5.382558094887063879e-04
-1.733119962331610916e-04 -6.653491914436800029e-04 -4.512595765277136687e-04
1.067370544042856549e-03 -6.540477192986732984e-05 1.625227838165764797e-03
-1.131683065423660331e-04 3.215556466553908086e-04 -3.332016265398386030e-04
2.847987086071254574e-04 5.906799630484697340e-04 9.296790465920888981e-04
6.520884822538231332e-04 -8.297267039565955210e-04 2.080971868294536568e-03
4.609146154631230509e-04 1.133265071005863135e-03 -1.238313483183102904e-03
1.007880247296672350e-03 -7.651694678919339701e-04 -6.495312098848067582e-04
-1.179607869728472019e-03 -4.487395384330855261e-04 -1.303233916487262325e-04
-1.391509434778231513e-04 -9.477052310394035043e-04 9.678510311457028115e-04
1.221162648246847940e-03 1.502955632873909791e-03 7.451475170637051519e-04
2.524619525422105754e-04 7.387286756894639265e-04 -2.746624966007574307e-04
-3.990589898017687454e-04 -4.370059661691193947e-04 5.546475710541516830e-05
-1.133624474264231715e-04 1.307744679677365612e-03 -5.584792880829581680e-04
8.500010122250368149e-04 -3.112154516617497702e-04 4.043788656212180389e-04
-7.135622432643264849e-04 -1.776917562027855878e-04 1.275987894686275064e-03
4.936384791001479201e-04 2.465037806425323004e-04 -3.547403642291398315e-04
1.811441050078658186e-04 7.852495360983771059e-05 -1.773165173269413027e-04
5.790044447209597529e-04 1.080711376371830932e-04 -4.739289858025542588e-04
1.281451209996777257e-04 -2.744088984213890071e-04 2.094331868991054953e-03
-1.015226086874865307e-03 7.329745032622462814e-04 7.535531431792401790e-04
-1.618554578838171806e-04 -1.126936175700030709e-04 -1.292851195235772399e-04
-5.253439531054435825e-04 -4.377009371009911117e-04 6.571445663129459958e-05
-8.815475551469230482e-06 -3.771598388910226861e-04 -1.966091807884952998e-04
-1.654810254914511640e-04 2.467263074704473865e-04 8.365594057668951659e-05
-2.520422180921453735e-04 6.742824097180274154e-04 5.592961680547756413e-04
-1.998356620068159159e-04 -4.025057409838692568e-04 -1.363702307961478424e-04
-2.841811244124356440e-04 1.949468530830562087e-05 3.298906223225869642e-04
-3.221085572538583868e-04 5.616552570456848558e-04 -5.190451420194842685e-04
-1.113607987614619607e-03 9.067327655950563369e-05 -5.087627655918795571e-04
9.897230331038147711e-05 6.200215231438741459e-04 2.720775347145567213e-04
4.105976458699642944e-04 3.080042778344843288e-04 -1.896512363178040747e-04
1.405101356529924253e-03 2.503454732543954867e-04 -7.378336714328453255e-05
-6.292165272047060397e-04 1.442985825276410668e-04 5.711749535579376110e-04
5.160364349248802805e-04 9.406566363636682500e-04 -5.450412176732963949e-04
2.352264142768443601e-06 -1.212215982684911519e-03 -7.605639152677362916e-04
1.177949185579170270e-03 3.871387049067365844e-04 -4.942422925670755893e-04
1.114253083741055322e-04 2.620450046011728524e-05 -1.096125207879186181e-03
-9.670317059358176466e-04 -2.282607035395290568e-04 2.136477855798585930e-04
-4.305558188171073252e-04 -3.163033786371492327e-04 -5.044473492392459381e-05
-7.052862240357450976e-04 3.898287989172773268e-04 -5.821291568560897720e-04
-1.260855143121425568e-05 -1.053072819218733381e-03 1.141396706359977027e-04
-6.304447389043347149e-04 8.625377651407511309e-04 -1.909868902385195434e-04
-7.335341626223116003e-05 1.022701847745966950e-03 7.735999501033945366e-04
-4.712056091088215803e-04 1.054980128382078690e-03 4.976569541911131335e-04
1.152125481787084557e-03 -7.886957887682781334e-05 1.410967299403995470e-03
4.179180828351347805e-04 1.700888578309129272e-04 1.532486333431591369e-03
-1.003995023538069211e-03 -9.543334853059651452e-04 -1.622224600098841080e-03
4.959383274353568443e-04 -4.740628910872202086e-04 -3.502279907044144398e-04
6.768774741943736455e-04 1.406787998875887928e-04 8.176275407467647452e-05
-1.213367133364133890e-03 -1.122187966702108955e-03 -2.347199588949000579e-03
3.116823568475933737e-05 -5.953286064396717033e-04 -7.694379884477223121e-04
8.162968548671671999e-05 6.362944122027465758e-04 -2.458823386741230358e-04
-1.373610390630702850e-04 -4.482819181706715729e-04 2.386592367939370312e-05
-3.544030872190158518e-04 -1.277917561801843052e-03 -5.975323441408713016e-04
-6.112510775982701687e-05 -4.204912099390127850e-04 1.345863420763993403e-04
5.179961911299837529e-04 -4.563728305155736044e-04 -8.421646310223349259e-04
-6.099094501678494943e-05 -1.380221908038652785e-03 1.693840356951022727e-05
-3.345156291025153258e-04 2.108114408895358290e-04 -1.459418667765498149e-03
-3.607842312973322057e-04 4.160814436497200998e-04 -8.276264242920371942e-04
1.529257645554002844e-03 1.571687925887040700e-04 4.986363769801169374e-04
8.171146142662730162e-04 -5.175712431500828405e-04 -1.402449750443443338e-03
2.461666530463203361e-04 -1.623673852867801404e-04 7.736818644517800365e-04
4.606868165144797542e-04 -2.830942567031058854e-04 1.775171383510401255e-04
-5.077410942469720188e-04 7.427607021499618950e-05 1.445722631826373318e-03
7.394809989958097286e-04 -2.641807874454294813e-04 6.816474938804046322e-04
5.908038542981910009e-05 5.911963767898135384e-04 -1.665681746207524230e-04
-1.175060244647052957e-03 1.050315345965788287e-04 -1.868590708632249502e-04
-3.274609590647150676e-05 1.443835724284075507e-03 -8.534378686258692250e-04
-3.335849786568273402e-04 -3.556344819823149166e-04 -2.039205560795526704e-04
1.917048318026235242e-05 -1.341508795177044427e-04 5.288134513167267684e-04
4.810965258258307156e-04 -7.609298074487412565e-04 1.607166568793233529e-04
-1.299066710632714328e-03 2.770050501558029947e-04 1.732095803354277317e-03
-5.299288859686161106e-04 -1.460938291169689004e-04 1.574798526032483118e-04
3.946426771801097373e-04 9.247469328070540917e-04 1.748571521303421633e-03
4.497345641115424995e-04 -7.887248993395243801e-04 2.179904868812802658e-04
-1.113212954783541651e-03 1.404269983534946718e-03 -3.616762200357398569e-04
-4.486579457856405438e-04 -2.676718249952345953e-04 5.256136216864169429e-04
-6.254231820391534507e-04 -1.056356167087705591e-04 -3.675532207439761133e-06
1.648129822163190144e-04 -9.106242104999142262e-04 -1.330603087588289784e-03
8.285048179688890005e-04 8.809404692988571321e-04 -3.008777350055025733e-05
-8.638361394359989759e-04 -1.181338956217275809e-03 -8.345596243837170554e-04
-2.669370934908721306e-04 6.464749767894027981e-04 8.617706481084199972e-04
-3.183536096673366409e-04 -5.047017776877243088e-04 5.509534817947200815e-04
-5.475579989164320498e-04 1.310894250530140581e-04 -6.690749658986004395e-04
-5.885996209851974883e-04 -3.337713475551396295e-04 2.858311048465809155e-04
-4.086004475798174311e-05 -5.724826472795326244e-04 -8.171275148532271748e-04
-2.147194908616395178e-04 -4.556089689573527548e-04 3.505889084253238815e-04
-3.017126283018236417e-04 1.373104247002704197e-04 -1.190203141580246145e-03
-1.210830026505194069e-03 5.369574533740456785e-04 8.745006444172097586e-04
7.856084259130793044e-05 1.013317501674353442e-03 -7.261410104096445266e-04
-2.481403641379466220e-04 6.718430726632609179e-04 -3.361878207136881434e-04
3.968800324755037806e-05 3.680587384977192407e-04 -2.350223173286417847e-04
-8.174145170067495362e-05 3.472731898479810252e-04 1.205230078980643483e-03
-5.507657731483008229e-05 -4.971713888812841903e-04 8.010495763557723536e-06
-3.721148588266721545e-04 4.746911416786743390e-04 -5.756209917243823008e-06
-1.079432037921348965e-03 -3.613686033481139695e-04 -1.106541950712276430e-03
-3.459144720976055376e-04 4.067873730891792680e-04 -1.052728557776351617e-04
-8.938523880580779603e-04 1.046673617190955379e-03 -4.274727671278381706e-04
4.248537601869459908e-04 -1.521742924300895560e-03 6.174724168183494616e-04
2.718030733562842491e-04 -2.206478064439692513e-04 -3.473822571395455798e-04
-2.731157646971564437e-04 2.760648566308946555e-04 6.228042556865795703e-04
-6.408081115299000966e-04 -6.383489765325953006e-05 -1.417194477903100866e-03
-2.053647895827896209e-04 -2.909247128901577893e-04 2.918975931545713049e-04
2.649451983688979597e-05 -4.887986514453896347e-04 -7.542059019867910098e-04
2.041234681611589591e-05 7.639009794157109422e-04 -2.462752055908308275e-04
5.431844640673119716e-04 -5.602123665649809880e-04 1.238194379110091868e-04
-1.062919757442957157e-03 -4.960358273345209096e-04 4.400792438068784531e-04
8.455100299291393000e-04 -3.890075179775391947e-04 1.001430831015448307e-04
1.793314822571933590e-03 3.094471134510160719e-04 6.927949524778861078e-04
4.450051721344590295e-04 -3.791570928826977645e-04 1.303002959014805655e-03
-1.555578953022467698e-04 -4.587389356276732358e-05 1.102611502457717663e-03
1.456346928582989545e-04 -9.783205373599585843e-04 9.272125317827852183e-05
-2.155937572643831519e-04 -5.850975298007047437e-04 -2.623539330838095996e-04
-4.697651127561100308e-04 -1.137012265422105914e-03 -2.492659145077549842e-04
-4.042990427900813736e-04 -7.993169287707449933e-04 1.767487663345089673e-03
8.382493585217707602e-04 2.693281816460648824e-04 2.125921442185776185e-04
1.011039904864890733e-03 -3.725171540190463210e-04 -7.314789203631587647e-04
-3.450622509038695504e-04 1.174933319589979881e-03 9.226504448077209406e-04
1.992056705361958102e-04 2.428053626289065751e-04 9.534570807408313409e-04
4.534560284327923381e-04 -3.680759443992982815e-04 -8.419521070981025000e-04
-5.036062324915990818e-04 -1.025004357325466674e-03 -2.198156145120770699e-04
-5.030107593652572220e-04 -3.726364943655874492e-04 -3.054025913544468839e-04
-7.945581541433395902e-04 1.430725836184601203e-04 2.794408554077167138e-04
-3.377428900208506181e-04 -3.570060467269447861e-04 2.118022353430033683e-05
9.117170194138732450e-05 -4.467052488900212634e-04 4.115027709765820604e-04
2.534444533414356476e-04 2.340266235430941370e-04 -2.052052604099243675e-03
1.706129086551421217e-04 8.528723309559052210e-04 -2.876505548578007902e-04
-4.457142579306801202e-07 -3.765928955144632858e-04 -5.200047259745068729e-04
-5.062773171125620306e-05 5.980778554927808095e-04 7.173710993971883559e-04
-1.017307704932053332e-04 1.002839760712825575e-03 -3.773594443424899570e-04
2.914752129112007381e-04 -5.639492350361406192e-04 1.021041042426615048e-03
-8.878463816734931001e-05 4.724533831416782262e-04 1.111600983087427568e-03
4.261041955475186192e-04 1.492582278784301743e-03 -1.917184532593889075e-04
-4.266691524888572792e-04 4.203078879733215269e-04 -4.377548298105919818e-04
5.790322591249749446e-05 6.874859182930850680e-04 8.651352800848113042e-04
3.568430550976236463e-04 5.028723240196696217e-04 -3.307653835100818275e-04
9.180506041557537529e-04 -8.001443745076853090e-05 -1.065716302121508339e-03
6.794866539389468087e-04 -5.230940372258453342e-04 6.021913208054474414e-05
-9.184386642934030997e-04 -7.586086792051539504e-04 1.625456997357041739e-03
-1.308979167992013520e-04 2.474954985785790583e-04 7.445495278372161855e-05
-7.539006132518339190e-04 -4.264484015405172065e-04 6.711200679576456805e-04
4.354374586691284470e-04 -1.346721085004539808e-03 -1.203174689493992984e-04
1.171615595188016260e-03 -8.562991938942548543e-04 -3.231842858711584114e-04
2.610752886370151576e-04 7.954866410051755678e-05 3.391553988304687062e-04
1.536981253037050929e-03 1.164862369634567761e-03 -1.764304350706031232e-03
1.301521566195344226e-03 1.095438527072067290e-04 9.611027747271140868e-04
-3.063789093429981447e-04 8.642548992634613942e-04 -2.173274920826883327e-04
-4.706070022540154987e-04 -3.171507669465977938e-04 -1.196314228689628349e-04
8.210676543620972542e-04 -4.429927394800786417e-04 1.362377603056096932e-03
-8.398305188532188131e-04 4.613844547221003186e-04 7.723687569031749043e-05
5.003946540346330182e-04 -5.452382405795599355e-04 -1.173161552291366325e-03
-6.236586459484300777e-04 5.465976383199127534e-05 7.705078141231313507e-04
1.344237017098725781e-04 -3.595977076500634994e-05 -2.993727778123602074e-04
8.604844155447524809e-05 -1.977786515693974109e-04 1.546079922702276680e-03
-2.223361319587234693e-04 3.688017402169509748e-04 6.004354233894379500e-04
1.094946452132087672e-04 2.279031431269643037e-04 4.436925712358659755e-05
7.609871336053426879e-04 -1.182198332651787816e-04 -5.791904801861064156e-04
-5.624742273896757554e-04 -2.238915015014932480e-05 -6.608900166432256666e-04
-1.136391817730040416e-03 -8.991488407516015895e-05 8.055445036734414392e-04
-2.228787863057192422e-04 5.999136822523743742e-04 -2.333926821939750259e-03
5.838578536472644387e-04 -4.540484198532635657e-04 -1.218580230685481410e-04
-7.529089275234464437e-05 -5.073048463445642897e-04 5.974031429697038240e-04
-8.130243154262910710e-04 1.222859563816573530e-04 -8.846021876135741566e-04
-8.704811076365679421e-04 6.056454311147868743e-05 3.026658259698317317e-04
-1.483430991430108791e-03 4.310159866775219861e-05 -9.946999413343740951e-04
5.976407732657362364e-05 2.645405854959159220e-04 6.860848578500339549e-04
6.340130827955410423e-04 4.598513943727928306e-04 -1.267944379238871008e-03
-9.509448503417584951e-05 2.126649593803334724e-04 6.828862331996312166e-04
8.999106796204160100e-04 5.301508839843585433e-04 3.829635169154555342e-04
3.477916721846523721e-05 -2.884896893011177125e-04 3.710435462058386878e-04
3.497547137912865745e-04 -1.734134897195944134e-04 6.371540198250660327e-05
5.402260596369180042e-04 1.190338170536386648e-04 3.417688629219286806e-04
-7.280481349172729030e-04 -4.586831780846716152e-04 -1.469650971903855219e-03
-6.684277187952589660e-04 -4.630724076035395038e-05 -6.463008281232440668e-04
1.707121278686303447e-04 -1.603435757349652019e-04 -1.291965218682360368e-03
1.865348036725975468e-04 -8.271728714872381020e-04 3.468770399879707723e-04
-1.098974814911953847e-03 -2.188050962109140761e-04 -1.100319192155743350e-03
8.189914046767301202e-05 -2.263769131887225048e-04 4.417782979784758081e-04
3.293107574229745221e-04 1.948478894373458772e-04 -1.288649277070661988e-03
6.931138931332727184e-04 3.045318617903848514e-04 3.414418784167750276e-04
-1.055139427458858100e-03 4.892463031548717955e-04 -2.398711305452638700e-04
-5.794141900224759369e-04 -4.684189270052508411e-04 1.055451365021577853e-03
-1.345663841021765448e-03 6.050999987737399162e-06 1.032368957203567798e-03
1.104946818975362965e-04 -1.819540968157860601e-04 6.947934406100705375e-04
7.475709939295902429e-04 2.278461256994008394e-04 -8.202682596134590678e-04
-9.798406581646048989e-04 -4.267072153420676563e-04 6.900977331670104771e-04
-2.526528805819509100e-05 3.573903008124178541e-04 -7.454051125624481687e-04
9.245869251868680627e-05 1.921883598652175782e-04 2.231954690132541578e-04
1.102074947275283366e-03 6.910414587297793003e-04 1.513921107526088831e-04
1.007697108574142405e-03 -8.549269961111265193e-04 7.785463335548889734e-04
-1.937635610684009489e-04 3.574253536997378747e-04 -1.604556415380885704e-04
-5.765489403959415341e-04 -7.242175683244773043e-04 -8.290263558745770544e-04
1.895303466243591353e-04 -1.262940156034225193e-03 4.287878226486466584e-04
-7.647506357196506626e-04 1.436601495970076881e-03 1.792318730574209628e-03
-1.956216457030981028e-04 -4.406810322511199650e-04 -2.731792434118112366e-04
-1.205331891695209014e-03 -2.097023197138193082e-04 -3.849591531974530127e-05
-1.558968824580700364e-04 -1.144835396286680851e-03 -5.455925304427502879e-04
1.224083813894758660e-04 1.546906244065655671e-04 -2.114273524569200207e-04
8.505769159145375961e-04 -8.926875619034506078e-04 7.157432321726155729e-04
3.853679490807419058e-04 -1.013634944942522686e-03 -1.468300120266725689e-03
-1.143080546427877216e-03 7.486078142351156213e-04 -3.616779377140250541e-04
4.241329811592391662e-04 6.256545078616555181e-05 6.379384416314040846e-04
-4.172754033233373391e-04 -3.480332480284210775e-04 -9.873056335270751546e-04
5.606960120696284590e-04 -9.485235054663180513e-04 -1.359367104940095673e-03
-2.763891708473149053e-04 2.068886249549378373e-03 -1.023708620118810161e-03
-4.349346119266417842e-04 1.120117562141504579e-04 1.209433202929073928e-03
4.385570440388061940e-04 3.811563493702580462e-05 8.142661603160048964e-05
-1.394802394565673265e-04 -7.802097809178619751e-04 3.846398000637897292e-04
-5.938056949061871559e-04 -1.741216486568017560e-04 3.310035389140723189e-05
4.175330018499640180e-04 -8.280411948259275897e-04 -1.105199216039448118e-03
-2.986009853856750143e-04 -1.474032585180094876e-04 4.234554546680277184e-04
3.128086178965435869e-04 -6.600392996372132217e-04 8.655986439980711269e-05
6.333601516671110744e-04 -5.730523438082336203e-04 -1.338314513169427261e-03
5.276023693117888271e-05 1.013565950952676701e-05 -1.088758847841932945e-03
-7.510755632133195433e-04 2.036685758677271498e-04 7.225095568356603489e-04
6.643550910239516593e-04 -1.620714002857786044e-04 -1.237755252395881210e-03
5.184742720054150416e-04 7.093292487091194592e-04 1.042088868593527007e-03
-4.599355953375359763e-05 6.706256567613759663e-04 5.142662679346776851e-04
9.948991042029969151e-05 -1.846495346936888478e-04 -3.539188300133931349e-04
3.719804096513091305e-04 1.508314470584957902e-03 -1.085087330356433602e-03
-6.187881149558694749e-04 1.045662792021851469e-03 1.110764993160092340e-03
1.013671710433731001e-03 -9.364347000635216784e-05 -6.449196041495616327e-04
6.318504666788895326e-04 -3.641861093565237407e-04 5.501169022264787651e-04
-2.900226935688441981e-04 2.760437948878150883e-04 6.106664145811569995e-04
-1.217905831050953208e-04 -4.559005294144484466e-04 -2.963050474686225282e-04
-1.322670789646361068e-03 -8.222017862915050480e-04 -7.939611818064414668e-04
-1.282364801591166424e-06 3.729274869320743624e-04 -9.976858114506693530e-04
9.815317785581239001e-04 6.205642540369266840e-04 5.251166575559686103e-04
5.414055346399676712e-05 7.305386480235265267e-04 -2.184047681191528256e-03
2.464476449793530821e-04 1.064505883607230828e-04 -2.841890268915877107e-04
3.040294961881106583e-04 -3.068694315644868707e-04 -1.462279085103118431e-04
1.591147190505360406e-03 -5.583780443734631281e-04 -2.993088033836137319e-04
1.008565267178917341e-03 -8.313579678795774992e-04 6.952937708577172160e-04
-4.296497896510166592e-04 5.255150958681869232e-04 -8.585045107490174663e-04
-3.659964713961615232e-04 9.112448505122174762e-04 1.127183555592123658e-03
-9.429625459399441738e-04 -3.751099261890385931e-04 -8.107576861907125985e-04
5.279169162541742224e-04 -3.172019697744381901e-04 -5.572272649269385510e-04
-9.943085412550578712e-04 -5.429171065397782672e-04 6.770397567879658926e-04
-1.463764674697235792e-03 5.348201219990273954e-04 -3.263963403739079996e-07
-6.161948511941031876e-04 -1.283373946622682401e-04 3.848661116977841984e-04
-7.768729625481145219e-04 7.208892733594656540e-04 -3.059930627284412658e-04
1.235572966999938776e-03 6.650406881103757429e-04 1.005715214964080298e-03
-1.104724167516606343e-03 -9.461764647352171763e-04 2.009303600189191522e-04
1.062386268259833634e-03 8.489710967043660186e-05 5.510134719615884000e-05
-1.368650178380838430e-03 -1.518830750230121447e-04 7.972383312514891556e-04
1.960715769424629885e-04 -9.733342591852601837e-05 -1.320426927330404935e-04
4.395489663854722966e-04 3.724505266334080249e-04 9.271956212932361665e-04
-2.238195501298909074e-04 9.175685307011204267e-04 3.865718378890568526e-04
5.747344516792562020e-04 1.318858326245048781e-03 -1.796451781161773845e-03
6.425530497996747182e-04 2.530230544906055158e-05 3.822174462518707050e-04
-1.038890591485598912e-04 -5.726043699215930269e-04 -2.977669974400441147e-04
-7.357494837427998920e-04 -1.271562634178216404e-04 -1.985213503581101781e-04
1.474918126455507608e-04 4.659045972386189152e-04 6.743735823592604539e-04
-5.744309390690247041e-04 1.499724043282142541e-04 6.250040338825548240e-04
1.121128105411137383e-03 6.669897614286448466e-04 9.414272912818620175e-04
-1.028231614479653468e-03 7.820572426797024615e-04 -1.750900617818792332e-04
-3.714182178876822217e-04 8.251350245689254058e-04 8.497452391140581469e-04
7.966200957835059635e-04 8.359946915299374314e-04 -1.395112271859307853e-03
-6.475448450832447080e-04 4.932518741174712201e-04 -2.450120481466745888e-03
4.304275714949522638e-04 1.140292119611668889e-05 -1.928352898466038695e-03
1.706724635512094025e-04 -2.292691560292811463e-04 -3.158908151935408033e-04
-1.022067412851213920e-03 6.799976451676715671e-04 -4.156238261680283053e-04
-1.484132617363412494e-04 2.201427859952368588e-03 2.332485044168284942e-03
1.063915863324092033e-03 1.213111684782688840e-04 7.798609385312795525e-04
1.051774484325137399e-03 2.134743133998298875e-04 1.826787640099092509e-03
-4.161513946222442995e-05 7.657859207399463368e-05 -8.283552279516601992e-05
2.030233375615378964e-04 5.288099392180959681e-04 2.432864230420284113e-04
-9.680771192419018289e-05 4.280540838730973558e-04 -1.868074147380923550e-04
-9.070419030854118226e-04 -5.929784947905177619e-05 -5.927284857597709972e-04
-8.709289694518913567e-04 7.793427285994117401e-04 1.113823816163728728e-03
-5.505870488769621079e-04 -3.057672443261150869e-04 -4.917522274006817578e-04
6.068007640746320196e-04 5.560302279204428280e-04 -7.516206841887243832e-04
-7.031917310087391470e-04 -2.340928744919452010e-04 3.611083330466314644e-04
-1.863616216519573823e-04 4.710421719155968509e-04 -1.336159500628854952e-03
-7.670435085883474564e-05 -5.141937115848723263e-04 4.877423562338486737e-04
5.180835680307957058e-04 -2.164015941556875580e-04 4.331849995728783310e-04
3.272411496249019659e-04 1.105319518072532146e-03 -2.129052593849448550e-03
1.343948356163920271e-04 1.506212244594440396e-04 -7.307984695787138633e-05
5.598506092750343702e-04 5.927262316303595494e-04 -5.862382484026345148e-05
-2.044653265704740337e-04 -7.364470048757016133e-04 1.387325780739836947e-03
2.407742866113572831e-04 -5.772604255025879294e-04 -1.066928109315043102e-03
-1.828053951421880084e-04 -1.018957662458582370e-03 -8.894784836594774556e-04
-3.122271394225816519e-04 -4.480184564460307716e-04 -9.684940572708079700e-04
1.381098708627373126e-04 -3.183739300752949338e-04 -2.582719649937487757e-04
1.995587630232938429e-04 -1.818457033570350162e-03 -9.274152792523037998e-04
-3.066199688810749787e-04 -7.851002203553284408e-04 -1.171545334308188085e-03
-1.217007728367307858e-03 -9.972287557688712194e-05 -1.094020775043128653e-03
1.310474304845488807e-04 3.294929106855518401e-04 -1.495548838685820147e-04
-4.489278836515000690e-04 -1.045323923077630737e-03 1.220479164193646318e-03
-3.773381834633589369e-04 1.462656688878566120e-04 2.254416185484913859e-03
-2.803990646273341069e-04 -7.624720126063859200e-04 -2.195472925318079933e-03
7.418247162598771245e-04 -4.653392631614202790e-04 -4.460925630445394428e-05
1.299060098780648368e-04 1.028068745669565628e-03 5.054917944421970883e-04
-1.241284960877628383e-03 -6.453569768791158538e-05 3.510704007655473060e-04
-1.003067893438434329e-04 -1.898585014269062437e-03 6.813578247967699744e-05
1.438734743803756107e-03 -2.307581822610968285e-04 -1.795303630382393901e-03
-1.233898570586151877e-03 3.286282308392512227e-04 -1.856838355733767291e-04
-5.020937593379208889e-04 -3.924399884526725375e-04 2.048032455529553671e-04
3.195875086831181716e-04 -1.576703143075295147e-03 -4.856001137279806860e-04
6.703159155050864492e-04 -1.054392756797331967e-04 -1.921274066705661336e-03
9.308603221839709509e-04 3.377194748116197601e-04 -1.031522507989240727e-03
3.320456657751322325e-04 -7.088297248798047399e-04 -1.119955513793194791e-03
-4.820719945939568214e-04 1.356128760712159561e-03 -4.655138620775025639e-04
-6.786514826176968419e-04 -7.032671719467740263e-04 -1.175795628941295190e-03
-8.513315811922621615e-04 -4.387564180682273335e-04 7.953299669808463080e-04
6.212676658828267424e-04 -3.476999221304601312e-04 -6.195634141742394508e-04
-4.705066018615054421e-04 2.197799070666716086e-04 5.867067579963434164e-04
6.499770946569656841e-04 3.827770628633179019e-04 7.089585638789439558e-04
1.804773546518374252e-04 1.182008633527407201e-03 -3.838747872867716006e-05
8.339595696100343810e-04 -7.285071787438035951e-04 5.827984014361906441e-04
-5.209616493406747781e-04 -3.996147058294335420e-04 -6.059104473955323825e-04
2.367393396207781670e-04 -5.775956054798075424e-04 2.261462148113311979e-04
-5.567678484339232733e-04 -7.689027733717550012e-05 1.812450593492238220e-04
4.799549072696144094e-04 8.285421145093438845e-04 4.360308857522273806e-04
-6.856313300301454874e-04 5.400543751973046385e-04 -8.959986474693978215e-04
7.614314718586151368e-05 3.186782811979045615e-04 -2.912820166772803893e-03
-1.606499833561482725e-05 1.956958891585775656e-04 -2.209602324586471597e-03
-1.201923196117630739e-03 -1.157547834802258904e-04 9.450378249301558944e-04
-2.276164064061468649e-04 -1.389143837655032162e-03 -1.043344792107654510e-03
5.623466816678243186e-04 -3.808027526166089718e-04 -7.397628987354033011e-04
-9.419290687002217135e-04 1.178707649021322338e-03 3.051402309008833971e-04
2.176434266156924285e-04 4.532486301334466778e-04 -6.742322052515523859e-04
6.927344778196099133e-04 3.823554714718889491e-04 8.689329794312843341e-04
-1.381873897235139960e-03 -3.414070572042337604e-04 -2.903565067639922838e-04
1.807397256313868867e-03 7.081942179713348728e-04 5.983706822690615650e-05
-5.308569338760428091e-04 -4.986024240736947879e-04 -4.213651359658000762e-04
-1.476454000305771558e-03 -6.054068260550932081e-04 1.706867118916255465e-03
-8.725315462934948819e-04 -1.445339150868690933e-03 -5.354254301316873927e-04
8.005963937013549272e-04 1.557793823517276857e-04 1.938096607304421208e-04
-2.961837667062843914e-04 -5.991416403488635358e-04 9.592389431152786427e-04
-1.372732440428312028e-04 7.708174424868801744e-04 1.604844762630875353e-03
3.919566318562060824e-04 -5.466009534386706298e-04 1.283348643766055003e-05
-1.941511954667893118e-04 -4.698029507823845850e-04 4.549478630805957411e-04
-3.170767895163093290e-04 9.838191229665416062e-04 4.503044063672879136e-04
-2.751387892686636845e-04 -1.547749269587247447e-03 -1.550324316582991652e-03
4.206502937117879699e-04 -3.276467011601623880e-04 9.405239413838483906e-05
-7.404798620248897794e-04 -1.154079421034866822e-03 -3.240599895700110801e-04
3.813018052671249139e-04 5.384051607769560314e-04 7.139449967849437499e-04
1.712840354567286534e-04 -1.614544022133190500e-04 6.944135939410488569e-04
7.785531936465860418e-04 8.065773104703074213e-05 8.530350401047940862e-04
1.145570063027907381e-03 -3.824081100010322514e-04 1.895282053815986964e-04
-8.267540650082523274e-04 -1.186819620556945872e-03 1.011217432605843961e-03
4.934490290530517105e-04 -6.415450371496184351e-04 7.598197355790259778e-04
8.267887153631495623e-05 9.868088866777956821e-04 5.298609483971828890e-04
-6.627455325387147976e-04 -1.595211939276379356e-03 -8.975834613468459001e-04
-5.014739468295758716e-05 -3.215405533673962183e-04 -5.954414551664724857e-04
-4.217491689598529617e-04 7.786205576291313967e-04 -3.605405445992911876e-04
7.034281349034753007e-04 4.673887278014192881e-04 -5.985300891624003130e-05
-3.864233164535059201e-04 -7.785716722366331499e-04 1.298631238649768094e-03
-3.007042958216602445e-04 -7.740523899523768210e-04 -3.891812028476626033e-04
1.176671671581359897e-04 -2.543022047617037192e-04 6.533534592849289538e-04
1.140517858586759812e-03 -1.045738749841560204e-03 -5.540565882998501690e-04
7.965319288097764668e-05 1.694347228236469565e-03 1.024801366209792440e-05
-3.763448419903013477e-04 7.025491458083724409e-04 -3.910426231302765829e-06
-2.187762977824009856e-04 -3.966158979080638839e-04 1.855115472891638671e-03
-3.139095277365127126e-04 -6.950230851348644526e-05 -8.776430824053864420e-04
-8.605192366741158715e-04 3.037544594019769828e-05 -1.208150761140558551e-04
7.033145491968514841e-05 -3.283177265513556261e-05 -1.627175207553858898e-05
4.062927244805650501e-04 3.658854367283974622e-04 -1.130145138264051401e-03
-6.117972554688641052e-05 -8.853695518062324344e-05 4.640300899758355259e-04
7.548239427172054664e-04 -5.602717302852374369e-04 -8.074101003933979639e-04
2.311062445035083613e-04 -5.855067057680396741e-04 -1.651192008472120943e-05
-3.673987311062081886e-04 -2.672544634934862396e-04 9.555881541509878181e-04
-3.596012100967991448e-04 -3.198781176513352371e-04 1.569029518710190682e-03
3.518341769420268192e-04 2.112202549469569381e-04 -1.069246163268118902e-03
9.733351148492273277e-04 -2.129445351533060954e-04 2.801558688572773344e-04
-1.266309113153367232e-04 -2.155388552005210311e-04 1.855484802238719592e-04
5.149653645091154235e-04 1.137987224904144596e-03 -6.999997958631306921e-04
-4.026775652870025852e-04 -8.142085317187647969e-04 7.211798167581232261e-05
-6.594889414863406695e-04 2.804563318544724495e-04 -4.073933689464877077e-04
-7.246899948867400890e-04 1.211654518965605458e-04 8.432803066185581972e-04
2.911874641810321420e-04 2.847443917599953782e-05 -1.432990189462854131e-03
-5.912809053194245873e-04 5.956491501071545323e-04 -5.375087056575322624e-05
9.800567219641158605e-04 -9.000934136873481881e-04 -2.996395809639013715e-04
7.265355496485477547e-04 3.345130542667161620e-04 -6.189142328022106997e-04
1.092788166888224079e-03 -1.170784734726533103e-03 4.385691315723438217e-04
-5.404522544103619944e-04 4.266162724531394725e-04 -1.786271477136721708e-03
6.840401076034033638e-05 -5.962881889171125788e-04 -1.844889935464641623e-04
7.526950991273753102e-04 4.824685484903702042e-04 5.727113441674714853e-04
-2.398226553503928448e-04 5.791307472872057145e-04 -7.656209209303501588e-04
1.195476284705801825e-04 1.951518226434296294e-04 2.397519938929935294e-04
-3.161922165820196503e-04 -4.973597364908855911e-04 1.056314734965630060e-03
-1.940149446697429325e-04 -6.406428492883447525e-05 -1.570823003564070751e-03
-6.202109753612801857e-04 -4.566955499827488139e-04 5.078338484463076376e-04
1.770142645184441185e-04 3.791040052130423537e-04 -2.269484269547225087e-04
-2.172804536166389073e-05 -8.119626616820543657e-04 1.247185088103254774e-03
9.537278045840475241e-04 7.897784422450846147e-04 -4.854013615388893719e-04
2.253952639464309668e-03 3.897176816915068277e-04 -2.391615009199595605e-04
3.985816613636485365e-04 4.541860447099022079e-04 -6.714621709233944188e-04
1.340576106677773393e-04 2.776159566976633009e-04 3.867311997993305305e-04
-2.796291637353565335e-04 -1.989342320572471193e-04 -6.405798632460487068e-04
-2.070322476704475247e-04 6.513668714444402746e-04 2.873139285031689688e-04
4.174195118829926812e-04 -5.925025711848556659e-04 5.772562620095474713e-04
1.093551478455477609e-03 -1.184077799196546087e-04 -3.972141645878045487e-04
-5.444723756767673103e-04 4.606497025452491764e-04 6.578979716425069650e-04
-7.830995193524891809e-06 -8.957795219548439329e-05 1.747266787924989283e-03
-3.462429128699845969e-04 -3.256798862802529060e-04 3.710083699041343371e-05
1.155405323675050820e-04 -3.378395550682917743e-04 3.266603859860966476e-04
6.052411195162658766e-04 6.574031550582199335e-04 -4.736715636187526879e-04
-5.188332230821845721e-04 -2.523616678170494815e-04 3.841916846288624806e-04
-2.464241588735905232e-04 2.555340648444284616e-04 -1.073996868565995624e-03
-1.054568426302832177e-04 6.512384288236992618e-04 8.853877747982995868e-04
-8.499102934447436012e-05 -8.977875018648635115e-04 -6.632039794196722222e-04
-1.102884570213812738e-03 -7.952787733599705295e-04 -3.796299505896800304e-04
3.973923875159704228e-04 6.748041418057207971e-04 8.754671738780005381e-04
-5.942773434059066186e-04 7.054254606900285272e-04 -1.591762727321321697e-03
1.881496839119463664e-03 2.055503213475659704e-04 9.542977764335382326e-04
2.662623680569020873e-04 -2.078296303639592241e-04 -1.297505603229006635e-04
9.096486865916986317e-04 5.434782456063856149e-04 -4.111581593855979911e-04
-3.149552159652242288e-04 -1.909258819040685366e-04 9.418077714974115461e-04
-3.765972375355854389e-04 -2.443247655929330444e-04 6.730008126052532558e-04
2.436390648984650229e-04 9.797423286787355131e-04 -1.738429786844429776e-03
1.692624952234350610e-03 -6.735137504326091070e-04 -6.083420083225256087e-04
-3.441823570018475234e-04 6.812246508345514220e-05 -1.402092736263398738e-03
7.174786089667187575e-04 -9.934571566164852961e-04 -1.646298671293542270e-04
-2.273616304819745784e-04 -3.140463119450557323e-04 -4.238949572642651878e-05
1.473689291949929921e-04 -1.364422832097720705e-03 -8.294551976913413713e-04
-4.703111519762502189e-04 -1.171418005199962665e-03 -6.087059878250601066e-04
9.312627501343004625e-04 -1.136379189788050371e-03 -4.554847407856630411e-04
-9.352009900630353168e-04 5.014823418861269737e-04 1.403536022897824845e-03
-1.549811966621858570e-04 4.248289705059142725e-04 4.841079116977340768e-04
1.391655517182266953e-03 -7.496514073242897987e-04 -1.568512107076628042e-04
2.009128906167635502e-03 -1.335046187833264287e-05 -1.385021897177499345e-03
-3.823449938207953633e-04 -1.368021621252823517e-04 8.009759789866167023e-04
5.635360337571903005e-04 -2.372678224990480266e-04 -3.377982312045274679e-04
-1.934685985514476348e-04 6.418086099191631401e-04 -1.141495105795672970e-03
-1.875264413313028355e-04 -5.472256856385396837e-04 -5.804040601424791807e-04
8.565721457935278555e-04 4.023813923842249336e-04 1.599179410626759535e-04
3.553737592541377248e-05 -8.806886105323163483e-04 2.733792745839418192e-04
6.277053079508789846e-04 -5.339769223478854849e-04 8.738601403188981959e-05
4.149281327085523676e-05 -7.729035323914867136e-04 -9.153987072938871887e-04
6.002562916691858404e-04 -1.250606864994451310e-03 2.346064358939163087e-04
-3.974862477494627727e-04 6.156224724317311279e-04 -1.399723618963550405e-04
1.045275900215781499e-03 -2.502556847328863397e-04 -1.885506854437399423e-03
-7.363998392790672455e-04 -1.829414341847098214e-05 3.779376456873192688e-04
