0.000000000000000000e+00 0.000000000000000000e+00 0.000000000000000000e+00 0.000000000000000000e+00 0.000000000000000000e+00 0.000000000000000000e+00 0.000000000000000000e+00 0.000000000000000000e+00 0.000000000000000000e+00 -0.000000000000000000e+00 0.000000000000000000e+00 -2.000000000000000000e+01
7.502430179281584081e-05 1.175557054113806298e-04 -2.315385025243407030e-02 1.586795232655622038e-04 -2.408729424598289766e-03 -5.487317290876252140e-03 1.510305636855721731e-04 -2.793759361507612300e-03 -6.324826524255830126e-03 6.142906010164160146e-07 2.646017292393136575e-06 -2.000046596459117509e+01
4.594276052616298961e-05 9.624810706318686563e-05 -4.534092655808371480e-02 4.061746286777817805e-05 1.586104834983660629e-03 -4.019509861509326654e-03 4.008990936995938449e-04 -3.590254878626567524e-03 -1.717936125211119366e-02 2.243188155836302617e-06 6.660805234296795225e-06 -2.000183863429383990e+01
1.572624431103785488e-04 1.073487128612026739e-04 -6.673259942731070427e-02 -2.358128509552629717e-04 5.358084252131443482e-04 -2.918844938598025556e-03 1.744729947422603842e-04 -1.264034881626170106e-03 -2.517605292244547502e-02 6.544918650975374855e-06 1.116486958892838351e-05 -2.000408335774390522e+01
2.232842322100692058e-04 5.134105426343587577e-05 -8.727081919160495360e-02 -2.440076271542927961e-04 4.968167906399602622e-04 -1.770228280094357639e-03 -3.586597134896019772e-04 -1.484171975248691269e-04 -3.047130697655774795e-02 1.419446810898335542e-05 1.352398563538456239e-05 -2.000716695512202747e+01
1.759912736164638124e-04 6.819148747661815191e-05 -1.071355624107697274e-01 -9.485390182575985645e-05 1.376945036514444433e-04 -8.141307412691878905e-04 -7.403780531489328239e-04 6.295708598837686590e-04 -3.346445779056025221e-02 2.140571932261816580e-05 1.618091582007881785e-05 -2.001105748570640230e+01
1.771944215937274153e-04 9.354440837707611719e-05 -1.262494543588255080e-01 1.419371995305990946e-04 1.928630215452843688e-04 -1.623521455573466866e-04 -7.068944103048608457e-04 1.106443211186362808e-03 -3.459091734247068256e-02 2.803986917077658819e-05 1.950622063328387578e-05 -2.001572671770140488e+01
2.039422393163815785e-04 7.000534292384175291e-05 -1.446161039247553792e-01 1.162990936335033817e-04 -1.387351076867259024e-04 4.998576696956325352e-04 -4.309376676088561074e-04 1.042178182066819678e-03 -3.430443801748805921e-02 3.461714447076197040e-05 2.363023314217667888e-05 -2.002114600794527988e+01
2.240570363793588891e-04 1.283724066538794849e-04 -1.622483222916335788e-01 -8.542261619539194897e-05 3.168579274538366969e-06 1.007048283518031506e-03 -4.262554709985359128e-04 8.007503295627783554e-04 -3.255504628683771051e-02 4.323068775906641108e-05 2.671861901441620660e-05 -2.002728543941288564e+01
2.027877319535302384e-04 2.105068549219474240e-04 -1.791902936654055367e-01 -4.390270781798470597e-05 1.347678465024912879e-05 1.487726500952472842e-03 -6.023974327231946917e-04 8.566002272805960409e-04 -2.966228640248818466e-02 5.140937386630668282e-05 3.377802799472333448e-05 -2.003411565892712787e+01
2.156870563440199955e-04 2.256621435572295350e-04 -1.955335608580567874e-01 -3.281682109316069989e-05 -1.295970198106979627e-04 1.888198248810055027e-03 -7.799430745489938869e-04 8.308393399801388681e-04 -2.577196133028995806e-02 5.913347625356293121e-05 4.159234626880969107e-05 -2.004161253859412284e+01
1.270877027702359242e-04 1.641583163638166230e-04 -2.111926830015593004e-01 -1.768771071156262451e-04 2.698220749631202308e-05 2.262267223317631845e-03 -1.047092612559069559e-03 7.056897207083586733e-04 -2.099799527083522077e-02 6.586502799158133650e-05 4.942536059352525612e-05 -2.004974944918803104e+01
1.850584119414612103e-04 1.256149543395181578e-04 -2.262848092377175158e-01 8.368094287611523594e-05 -1.533412011292804747e-04 2.401063163821841664e-03 -1.092324256828043844e-03 5.852713471812254469e-04 -1.571828662434886573e-02 7.162708924938229575e-05 5.580716297646569986e-05 -2.005850174617016179e+01
1.559767008526627961e-04 1.590998467273774784e-04 -2.408356707238645256e-01 -2.901331614864086452e-05 -9.235143892135201996e-05 2.439408682089252815e-03 -1.059886156984620733e-03 3.217578935535108492e-04 -1.014571215196975566e-02 7.871558621922745199e-05 6.133693554834168747e-05 -2.006784629283884769e+01
1.361985466534368990e-04 1.132666517084220196e-04 -2.547893680957873941e-01 9.782844255625071904e-05 -2.134449403333977071e-04 2.558840689199568235e-03 -1.060984887606825989e-03 7.998861963853521858e-05 -4.461419474362004860e-03 8.461182636040228658e-05 6.729895351401778884e-05 -2.007776221791512228e+01
2.064911999945835555e-04 1.045511944040568265e-04 -2.682366588406411845e-01 -2.871097856809134343e-05 -4.663773951451996119e-05 2.645801376280968332e-03 -9.491893564769855393e-04 -1.886174397424707628e-04 1.425987842572699633e-03 9.203114464478941885e-05 7.133101708350508710e-05 -2.008822487009692637e+01
1.870202579012927510e-04 7.230215803782422796e-05 -2.812087629301385228e-01 -1.083040019456672721e-04 -1.155829676036060637e-04 2.519945193684801268e-03 -1.110825054487455310e-03 -3.612229749089219477e-04 7.341542520409201356e-03 9.996715761790101742e-05 7.474272400827449965e-05 -2.009921574470098449e+01
1.166386119294620077e-04 1.001855982480071402e-04 -2.936552187524320567e-01 4.659523772465735253e-05 -1.673685758566884930e-04 2.327922240282660152e-03 -1.125990466554177777e-03 -6.570494952405852391e-04 1.289151750121345433e-02 1.049960974964526928e-04 7.793534594078067900e-05 -2.011071429875969585e+01
9.620669176730410458e-05 8.428717576853003528e-05 -3.056851530649329352e-01 -6.512300611738159153e-05 -4.398644311897340802e-05 2.158247643068388760e-03 -1.160932823212843315e-03 -9.836151790859825553e-04 1.797104418917005314e-02 1.099642082697404493e-04 8.244649981479582339e-05 -2.012270280828776947e+01
7.205758574967446363e-05 -4.662249578925625825e-06 -3.171675105436054243e-01 -2.961673278016147288e-05 -2.047869215680844725e-05 1.885336683257702629e-03 -1.262669989417658815e-03 -9.358865315714419517e-04 2.262139516195075042e-02 1.134139302391644458e-04 8.377815128623950023e-05 -2.013516125620945729e+01
1.601612528492785971e-04 -1.243640644922140227e-04 -3.282565992171916358e-01 -1.039861745289263725e-05 -1.633017911504202691e-04 1.766081507607085562e-03 -1.294992008818897887e-03 -1.135572186905748964e-03 2.674446407301752857e-02 1.181566869815588096e-04 8.062751244473162634e-05 -2.014806960116268186e+01
1.408399510906790302e-04 -7.621440747091986524e-05 -3.389366470185245506e-01 2.212305309673418116e-05 2.237061649704315236e-04 1.680103350451914949e-03 -1.270514252966975857e-03 -1.122606669891899715e-03 3.076091342480518492e-02 1.247206023858552664e-04 7.686435086044653261e-05 -2.016141562156898814e+01
1.062337065720771846e-04 -1.412288268658863962e-05 -3.491450021281334304e-01 1.985361259039567189e-04 -1.663339160298063783e-04 1.512843509381744727e-03 -1.028007783122526081e-03 -1.023064352762069300e-03 3.445443090182519208e-02 1.310717538594845136e-04 7.593081292519112454e-05 -2.017517805308418843e+01
1.639234743799081672e-04 -5.753044090423967892e-05 -3.589858310153408727e-01 -7.068828639930883494e-05 -9.316194767077429001e-06 1.272383560041092255e-03 -8.912804161291262113e-04 -1.330547392756905407e-03 3.761616501104347171e-02 1.360719296912282501e-04 7.546754020142393152e-05 -2.018934046921215497e+01
2.460896751795429798e-04 -4.058375581498088123e-05 -3.685573789407095013e-01 1.055042412209364190e-05 1.081854521788947593e-04 1.031989323729495334e-03 -1.009403606931768812e-03 -1.231479491468751280e-03 4.021318440046040693e-02 1.448188794796116230e-04 7.268196575337591522e-05 -2.020389219887443844e+01
2.603678742198938054e-04 -5.746466232328556906e-05 -3.776772996234549207e-01 -3.012039776174537490e-06 -1.661725153768934927e-05 8.437901253292422882e-04 -1.258050118815725194e-03 -1.060683713755398950e-03 4.238074780756527493e-02 1.557401099811948019e-04 7.061418770882108714e-05 -2.021881882576525413e+01
2.623475116179098355e-04 1.153395693956001392e-05 -3.864202843996874526e-01 4.416448487215491106e-05 -7.914358187722393267e-05 4.578650167568094355e-04 -1.201424140535870683e-03 -1.235299497297752706e-03 4.378138710766005942e-02 1.680049782998533172e-04 6.870093578774159697e-05 -2.023410245579668754e+01
2.710420874367547067e-04 4.890854875743703338e-05 -3.948295786468497548e-01 -1.350660651405855906e-04 7.860302534568904117e-05 1.914962225362005512e-04 -1.284694039776356758e-03 -1.299554878454523823e-03 4.456328618300255812e-02 1.805224807056730657e-04 6.915989084707985354e-05 -2.024972839357436527e+01
2.665014927879746399e-04 4.274967150253439750e-05 -4.028645666876528031e-01 -3.720238876307790986e-05 2.705254129727581591e-05 -6.299909946408849314e-05 -1.418631501435468510e-03 -1.152047267030845579e-03 4.476111769846548988e-02 1.903999935844286854e-04 6.979189811099617276e-05 -2.026568307215170961e+01
3.135540290099492959e-04 4.842678350899602533e-05 -4.106772887278364315e-01 5.671563351430502229e-05 1.501084829449540812e-04 -2.669511674540374249e-04 -1.301369394516030875e-03 -9.620370008974385954e-04 4.437290021341856738e-02 2.030665926565794217e-04 7.081330253367633452e-05 -2.028195484754428435e+01
3.691298476958122495e-04 -2.460664965055167798e-05 -4.181109271518659298e-01 1.666437030207808690e-04 -1.833386494621125131e-05 -2.016359020292619159e-04 -9.857511092069314636e-04 -6.780704938890234467e-04 4.383239065913743793e-02 2.184508688641512240e-04 7.157859633729985133e-05 -2.029853124393198982e+01
3.624794269924628957e-04 -3.783491923878311899e-05 -4.251788267714515235e-01 2.783660670976191386e-05 3.124788160204273221e-05 -3.751986639090764048e-04 -7.604994860677627378e-04 -6.783509156345673887e-04 4.317853361842258902e-02 2.337336257426003607e-04 6.989297974218260697e-05 -2.031539781481493634e+01
3.246076497015892176e-04 -1.732728378233038344e-05 -4.320627489016162781e-01 -2.344326842247757632e-04 -4.359833306342901456e-05 -4.398559090685555222e-04 -1.019150044705591143e-03 -6.013425111586266462e-04 4.232163226014310636e-02 2.480531564010457924e-04 6.854165341524516249e-05 -2.033254361596888771e+01
3.340694680666696681e-04 -8.121473585940056604e-05 -4.386884048613884368e-01 1.677204663243622089e-04 -3.292513250343034772e-05 -4.648162050137910487e-04 -1.027401861801650711e-03 -6.353312914857049774e-04 4.133638728275213642e-02 2.615736529693278838e-04 6.690912631394682988e-05 -2.034996001376660857e+01
3.545038424875949774e-04 -8.756335443015704598e-05 -4.450379177205308623e-01 4.065329322991884011e-05 4.057277439982907640e-05 -5.057372183455903329e-04 -7.487514479596783313e-04 -5.117979453372433060e-04 4.025208739869402114e-02 2.748856795341006964e-04 6.417360135369785956e-05 -2.036763578793424045e+01
4.208219825685597607e-04 -5.047924187319232140e-05 -4.511944910423594801e-01 4.031998845012454394e-05 -1.001509250125742366e-04 -4.863876449483411153e-04 -6.828014263947619709e-04 -6.880873393632910362e-04 3.914456698892797987e-02 2.913401043959786907e-04 6.211523174494378897e-05 -2.038556224093817448e+01
4.089125284996353218e-04 3.162668886399249888e-05 -4.570153412313588404e-01 3.433893913202377035e-05 8.775315181396183125e-05 -4.868867048148504853e-04 -5.531221316061310164e-04 -6.340525416486941790e-04 3.815532353991997472e-02 3.077440870981724649e-04 6.105357758596980159e-05 -2.040372842429559341e+01
4.655456482429597880e-04 7.831053990898328542e-05 -4.625937780984157865e-01 -1.967711568353172521e-05 2.625806583734693184e-05 -3.782284349601934439e-04 -6.522516523025407176e-04 -4.580028080661147235e-04 3.709604609186569618e-02 3.257530328267041063e-04 6.246545776361507845e-05 -2.042212220860275806e+01
4.797699985041342543e-04 5.592973235515853806e-05 -4.680144953045818901e-01 1.241617147496365309e-04 6.900843371544604528e-05 -2.407970360484187585e-04 -5.064827272668186468e-04 -3.427507613207812754e-04 3.640769381027325613e-02 3.449340421562198953e-04 6.508234962117593443e-05 -2.044073528254901362e+01
4.956910348507608758e-04 9.786894302946849819e-05 -4.731511691799563102e-01 -1.277141263891259080e-04 3.475521540754923503e-05 -2.290051153765618002e-04 -5.828714456977157100e-04 -2.517793343362762100e-04 3.590138770886714542e-02 3.647415491186737323e-04 6.791132833872204973e-05 -2.045955867065201872e+01
4.433983926395954371e-04 7.056601217635930130e-05 -4.781677127873921740e-01 -9.104786925801505303e-05 -9.713339569782623731e-05 -2.523751586372101341e-04 -8.526674142354966936e-04 -2.534701230487696301e-04 3.537699111772045490e-02 3.826968868439951281e-04 7.182285965918169454e-05 -2.047858539966405544e+01
5.168015493483378705e-04 1.431550159860465665e-05 -4.829680344725291730e-01 4.273183197800726107e-05 -1.481936373795184904e-04 -2.787173178731695128e-04 -9.343393878419576195e-04 -6.172074745144465495e-04 3.470973160560406057e-02 4.022681578834608131e-04 7.332669973139036576e-05 -2.049780789831547878e+01
5.913784863771859648e-04 -5.589890597955294736e-05 -4.875797365141528728e-01 -1.221797999634243164e-04 5.101101974752509071e-05 -1.447220077712960454e-04 -1.000836675139109289e-03 -6.624619661162173398e-04 3.424928042343224066e-02 4.238261859783088478e-04 7.276756589435327154e-05 -2.051721919689798668e+01
5.554524514085483521e-04 2.676129028935833701e-05 -4.920114203240218420e-01 -1.856744911445539121e-04 9.299769854077827172e-05 -1.481092026585825706e-04 -1.357096399754653768e-03 -5.277712846808370762e-04 3.388357116925036494e-02 4.468987186147085271e-04 7.113017000268849954e-05 -2.053681135674431957e+01
5.235949292090617477e-04 -1.213066902133788899e-04 -4.961161452106297998e-01 7.954726670515220133e-05 -1.480670135787928656e-04 -5.607083231864180698e-05 -1.486810254152005082e-03 -4.985288690458082247e-04 3.357036744779632459e-02 4.697161624213217401e-04 6.782089815168801644e-05 -2.055657406838939139e+01
6.163826412037304737e-04 -1.173248540648816460e-04 -5.002857060326693084e-01 9.578741093956473507e-05 6.453619047574984436e-05 -7.454658708273057520e-05 -1.252068912133485557e-03 -6.233630456293689235e-04 3.342028546309948334e-02 4.934407277278149038e-04 6.342527201054868485e-05 -2.057650356100838351e+01
6.465698203133258886e-04 -2.581793439928934514e-04 -5.041533710634951149e-01 2.441511643219660419e-04 7.092856949618982600e-05 -6.631938388373942580e-05 -9.529883415962173403e-04 -4.156710646007427223e-04 3.327812683083610640e-02 5.186816843410344728e-04 5.524065758272052773e-05 -2.059659310382415143e+01
5.808436309650214912e-04 -2.080798292440746771e-04 -5.080350016570192029e-01 1.148442548846866060e-05 -7.450518812523390254e-05 -2.816199433371077709e-05 -6.601777250094785238e-04 -4.098595012068759636e-04 3.324203177020666061e-02 5.444516248590750137e-04 4.579011301345946479e-05 -2.061683735153030028e+01
6.699081801394469625e-04 -2.736785824451822718e-04 -5.116273367259323024e-01 -1.266629642825678177e-04 -2.797452754027707713e-05 -1.166564204904974044e-04 -8.081501171988337466e-04 -4.694823576698756661e-04 3.314291187637376235e-02 5.696320827772646811e-04 3.542250379783797498e-05 -2.063723126512848793e+01
7.190448262074822672e-04 -2.683937159698612145e-04 -5.151704183221524902e-01 -6.835491129885484872e-05 -7.255194252061473751e-06 4.247657493007796973e-05 -1.084046150585437100e-03 -4.940626205312181798e-04 3.304625709980845566e-02 5.976580969772113524e-04 2.398776571241611027e-05 -2.065776769803424173e+01
7.610365424896731743e-04 -2.989379722140885192e-04 -5.185464818423901612e-01 -5.149909117788883668e-05 -5.253445421695952469e-05 -2.723180679068023030e-05 -1.226336573553034022e-03 -5.962261392608626549e-04 3.305367562884958116e-02 6.281700986992940156e-04 1.278179389420567341e-05 -2.067844310235853200e+01
7.288491583199411747e-03 2.026079091341734001e-04 -5.215687071701854416e-01 -5.884723271887835894e-02 8.295418900129917228e-01 -7.744104520625321635e-04 -6.990806533408398804e-02 9.676716025496941986e-01 3.158520768028400677e-02 6.350727966462867873e-04 -5.021547973637165469e-07 -2.069924636577914256e+01
8.990309396993162450e-03 4.863266868645498074e-04 -5.245875956040055854e-01 -4.941579191481932504e-02 5.136445893726201417e-01 -1.998846612562531211e-02 -1.946434978593166998e-01 2.500115266376496503e+00 4.200411312844755558e-03 3.620325651439185665e-04 -3.208236050432279363e-05 -2.072016876830912580e+01
-2.999248577090074443e-03 -4.844557643061581944e-04 -5.280946517338567237e-01 -1.212373311024992836e-02 3.222702374702927641e-01 -2.799695028253005105e-02 -2.674727983345887572e-01 3.453614840833767019e+00 -5.474260857338512226e-02 -5.897194084073701477e-04 -1.153640437646143711e-04 -2.074119910971564096e+01
-2.330872374419483417e-02 -2.342426709706328311e-03 -5.318922217981032485e-01 1.376907676123417974e-02 2.021480761142391835e-01 -3.013783002266746600e-02 -2.695461624505589571e-01 4.051707782942969516e+00 -1.243561003957054240e-01 -2.489350665206903433e-03 -2.685075425684513989e-04 -2.076231807287792464e+01
-4.876084916624195964e-02 -4.548036930690647038e-03 -5.358443199464051343e-01 2.463349304434272677e-02 1.260635959853260157e-01 -2.902592186647547437e-02 -2.303764847947811778e-01 4.425983054401538830e+00 -1.940806355865861144e-01 -5.496864994815933367e-03 -4.911268316786027632e-04 -2.078350577439500313e+01
-7.750623541291006002e-02 -6.538815823367269235e-03 -5.398427221571616696e-01 2.547007702103114973e-02 7.848825289976675557e-02 -2.579542694831714680e-02 -1.780099032198886877e-01 4.659151534013966867e+00 -2.579107147652168752e-01 -9.714823189553552577e-03 -7.742022931703603688e-04 -2.080475131379941089e+01
-1.083236729723081326e-01 -8.288966564422729083e-03 -5.437014700677366141e-01 2.165546415008118980e-02 4.860816836407738650e-02 -2.131887411330816301e-02 -1.285131842775202593e-01 4.803977478701267678e+00 -3.124164220569723982e-01 -1.520487774329574472e-02 -1.100969137101203473e-03 -2.082604137721543225e+01
-1.403061799099683815e-01 -9.477399740666881192e-03 -5.474262502696584098e-01 1.653817074053792052e-02 2.949234941545670133e-02 -1.607882454015426704e-02 -8.850055885402176303e-02 4.892993768272860144e+00 -3.555969678699336667e-01 -2.200449174914837283e-02 -1.459018037074069152e-03 -2.084736455784602072e+01
-1.730492025999127437e-01 -1.031011388128295903e-02 -5.509979605997059604e-01 1.182481023587625239e-02 1.776630028172586015e-02 -1.073344529006980963e-02 -5.870871056870012594e-02 4.946728973664993312e+00 -3.864910380964662884e-01 -3.013402210659032673e-02 -1.831581442541188034e-03 -2.086871426689509335e+01
-2.060459510006505401e-01 -1.091040103190235068e-02 -5.545816564174426144e-01 8.020130673122932707e-03 1.057571300800369193e-02 -5.711253410365825858e-03 -3.767090402852767139e-02 4.979027576537015776e+00 -4.054508857358629093e-01 -3.960287123807281623e-02 -2.210330001791618437e-03 -2.089008842033834412e+01
-2.393379568450458295e-01 -1.129795453236047409e-02 -5.578469440808394575e-01 5.251447950986880622e-03 6.104426112555227761e-03 -1.088672894490967354e-03 -2.318675625077092420e-02 4.998023113080220625e+00 -4.133492595786288915e-01 -5.041419469099894107e-02 -2.589028968046607881e-03 -2.091147756164611593e+01
-2.728818345685850577e-01 -1.141746374193943099e-02 -5.611172776748519775e-01 3.269329077661098978e-03 3.418413847712913674e-03 3.084965634244833145e-03 -1.315446058640061359e-02 5.008904113375371558e+00 -4.110470062850939965e-01 -6.257490002171245402e-02 -2.963039259089134472e-03 -2.093287900024133918e+01
-3.062869865755084020e-01 -1.144626184283582815e-02 -5.640934923114792054e-01 1.860117322046902274e-03 1.560818951702534329e-03 6.503304805944055966e-03 -6.373403722212879485e-03 5.014763658927517298e+00 -3.999586562010276070e-01 -7.608325617139842512e-02 -3.329298212400266712e-03 -2.095428585867185589e+01
-3.397630054172967040e-01 -1.141113701465000345e-02 -5.669286637184688393e-01 8.975632148127427740e-04 6.192288548755985750e-04 9.374478978662614814e-03 -1.602806448830956364e-03 5.017276363192383570e+00 -3.816223289482517655e-01 -9.093508201253441836e-02 -3.687326513539553215e-03 -2.097569039607681773e+01
-3.731690587467781373e-01 -1.130555534821440708e-02 -5.696946626205998676e-01 4.391590341959229093e-05 1.674964147546633363e-04 1.175925557923318543e-02 1.719921846633920863e-03 5.018136576059695209e+00 -3.573759414986720229e-01 -1.071290856957971133e-01 -4.037566124288196300e-03 -2.099708967510847302e+01
-4.064435279672818924e-01 -1.100512070603027609e-02 -5.724109705516269297e-01 -5.530775964018209588e-04 -4.121913080646085023e-04 1.347957245458933535e-02 3.814336192324384485e-03 5.017884349593431992e+00 -3.282346852563230444e-01 -1.246615655117002952e-01 -4.379331735456053025e-03 -2.101847990675526390e+01
-4.395240673597107794e-01 -1.073108387123214262e-02 -5.749991472930991998e-01 -8.517283242100182625e-04 -4.568067574548481690e-04 1.456204163447162581e-02 5.081935408196913868e-03 5.016908259397255598e+00 -2.958894472452703872e-01 -1.435252976701758276e-01 -4.711091058661064437e-03 -2.103986104426049764e+01
-4.726582153973440947e-01 -1.046194700895067449e-02 -5.774949685192454218e-01 -1.007500104498223808e-03 -4.888128837543607432e-04 1.531098823408137688e-02 5.923977191974275427e-03 5.015856496954861576e+00 -2.615239185213394379e-01 -1.637165650072601453e-01 -5.034718324361057637e-03 -2.106122854498175556e+01
-5.056064010589450541e-01 -1.003902498450953175e-02 -5.798473232425507273e-01 -1.210168185005767181e-03 -4.658308645443981792e-04 1.556357653835808812e-02 6.410526095030517901e-03 5.014808332456752282e+00 -2.260940906751497670e-01 -1.852322916333866143e-01 -5.350693153278824644e-03 -2.108257815853001205e+01
-5.385447743958251543e-01 -9.605834538123796118e-03 -5.821359186771407623e-01 -1.273119920666635667e-03 -3.994331294346786690e-04 1.553389428372034010e-02 6.746111292777422913e-03 5.013846520242960736e+00 -1.903088629189636782e-01 -2.080677427387660761e-01 -5.658983248337603328e-03 -2.110390404072228776e+01
-5.715491569733406330e-01 -9.230840174129745918e-03 -5.842294786317389077e-01 -1.339811754916163215e-03 -3.473545649892231259e-04 1.506876908641449110e-02 6.825009230534022364e-03 5.012998590523688236e+00 -1.550560635709592461e-01 -2.322250721322775824e-01 -5.959330064107162817e-03 -2.112520198977265196e+01
-6.042726161227952586e-01 -8.759637877001345482e-03 -5.863325776397699807e-01 -1.318476194352351770e-03 -4.223469459475303603e-04 1.441057811513740336e-02 6.652634358215486939e-03 5.012036441108467244e+00 -1.211540839951161519e-01 -2.576984091900766383e-01 -6.255719445441052830e-03 -2.114646905375627028e+01
-6.369685689455438782e-01 -8.301212499506009992e-03 -5.882583797782914292e-01 -1.424859102216245342e-03 -3.176269132418965452e-04 1.368136164091585810e-02 6.292272980599201461e-03 5.011131748155246868e+00 -8.883390359028392469e-02 -2.844811114375339067e-01 -6.545221934296802622e-03 -2.116770319065466666e+01
-6.695216439802074149e-01 -7.819150672336860203e-03 -5.901709592553069372e-01 -1.402633066230692289e-03 -2.927579311331169427e-04 1.274440045287607813e-02 5.787787789885695013e-03 5.010498635965529246e+00 -5.840699535853059732e-02 -3.125702908724887763e-01 -6.828217507285824599e-03 -2.118889922591469954e+01
-7.020695138616239728e-01 -7.391615001615042986e-03 -5.919713679719144084e-01 -1.264725688168041396e-03 -1.394594590204151371e-04 1.153322238106181327e-02 5.242421241962189581e-03 5.009915714142326060e+00 -3.050068651372148804e-02 -3.419622898933345478e-01 -7.107078502683584174e-03 -2.121005602924662270e+01
-7.344255195146321968e-01 -6.992699043924572103e-03 -5.938103537939138921e-01 -1.144639664169664825e-03 -2.109290691504783115e-04 1.030130234681680447e-02 4.717279440826757479e-03 5.009515285826958042e+00 -5.360494038553293740e-03 -3.726532102597273077e-01 -7.382435360934570985e-03 -2.123117234544931975e+01
-7.666923189279338802e-01 -6.655531615119984583e-03 -5.955457076318428911e-01 -9.155006162546567607e-04 3.154346282833207576e-05 8.904379484347848747e-03 4.275415197825728313e-03 5.009330234715648977e+00 1.666959726787596921e-02 -4.046370891070478759e-01 -7.656143012492666426e-03 -2.125224603928282363e+01
-7.989093243507643383e-01 -6.331238891811851247e-03 -5.971471384365513169e-01 -9.191702769743754792e-04 -2.210434419240723733e-04 7.707687476685191712e-03 3.965400979654474731e-03 5.009057079238712795e+00 3.583495925903577156e-02 -4.379126784435498632e-01 -7.929409510369344119e-03 -2.127327539094558162e+01
-8.310593767716011326e-01 -6.028587411992026614e-03 -5.986985769331281126e-01 -9.493803479082685943e-04 1.445508220718988521e-04 6.548638313463642918e-03 3.168641073843119806e-03 5.008849797690758443e+00 5.224020634043684275e-02 -4.724755014347738480e-01 -8.201342248375145458e-03 -2.129425464663134093e+01
-8.631215067915051220e-01 -5.756162929484329345e-03 -6.002111647451466858e-01 -6.928473005915077552e-04 1.131583404814354751e-04 5.190524363137001551e-03 2.451504933349757040e-03 5.009065308359000213e+00 6.571972699034903109e-02 -5.083235348925777553e-01 -8.473626750407825883e-03 -2.131518113661250524e+01
-8.950508115567086254e-01 -5.571555793104607766e-03 -6.016473617285007514e-01 -6.256231516561860462e-04 9.914849921029444707e-05 3.921881881997393848e-03 1.980327935565725193e-03 5.009393584712015013e+00 7.620220935034109633e-02 -5.454522177237010050e-01 -8.745275123902551684e-03 -2.133605585729630860e+01
-9.268531852966870321e-01 -5.329078404165186675e-03 -6.031047885880309600e-01 -5.368478180744681036e-04 6.045137835372760808e-05 2.907634405062630659e-03 1.309419881677273325e-03 5.009616304485704497e+00 8.407396022193387719e-02 -5.838555691075352216e-01 -9.017266062383653275e-03 -2.135687609272855525e+01
-9.586452050829652460e-01 -5.326165777769635915e-03 -6.045166867240966413e-01 -2.094144395766201101e-04 1.011716064943722317e-04 2.021314514620013887e-03 7.901834226406292743e-04 5.009832017881885591e+00 8.969149905823366187e-02 -6.235310475518190954e-01 -9.291545983960376731e-03 -2.137764319511011735e+01
-9.904068738544373751e-01 -5.196943457965066786e-03 -6.057844342312078689e-01 -3.183691846401949391e-04 -1.315218782390619357e-05 1.025768985998656456e-03 5.170024759767366702e-04 5.009952443160108793e+00 9.326723327224317739e-02 -6.644773717613220443e-01 -9.567691342050561182e-03 -2.139835226301691051e+01
-1.022117284187221475e+00 -5.176411238383273744e-03 -6.068863753849306208e-01 -1.890694672222160370e-04 1.043717968126236685e-05 3.970624592955346571e-04 2.981346833975386410e-05 5.009884316146318461e+00 9.493593132051351968e-02 -7.066924312522997464e-01 -9.844526793582171476e-03 -2.141899881689285934e+01
-1.053760482858665748e+00 -5.228775876240116666e-03 -6.081569983594068418e-01 -7.895660019789056824e-05 1.495294718924572908e-04 -3.395021128598950302e-04 -1.938868128708693772e-04 5.010015089129335131e+00 9.506208963097294296e-02 -7.501728005952278400e-01 -1.012458560303337168e-02 -2.143958036414617041e+01
-1.085206717966414436e+00 -5.265786398845649814e-03 -6.092332259166401975e-01 -2.639811131325213418e-05 2.290585326868664607e-04 -7.232005803326107575e-04 -4.918896465796027042e-04 5.010358589671003671e+00 9.386868290083047461e-02 -7.949134156965272924e-01 -1.040776900126247351e-02 -2.146009895673184076e+01
-1.116595264237129959e+00 -5.287366895556812676e-03 -6.104283084177196672e-01 4.329583726477851584e-05 1.682472964995196558e-04 -1.255399200853637032e-03 -6.759150207653250291e-04 5.010843505153331101e+00 9.153438100957907164e-02 -8.409117694602147308e-01 -1.069394275638080490e-02 -2.148055365385859972e+01
-1.147899351481545649e+00 -5.320179031944454427e-03 -6.114904305679094154e-01 -2.142336390336528780e-05 2.559277057740217223e-04 -1.652904464885162879e-03 -9.618141139754238971e-04 5.011334021585809317e+00 8.820244663381683614e-02 -8.881629010312007688e-01 -1.098041823758002383e-02 -2.150094255896094353e+01
-1.179172016485632080e+00 -5.347176756759446266e-03 -6.125489067003624388e-01 4.456561884017810774e-05 -3.781690147845699211e-05 -2.080555251530975293e-03 -1.335500792254807646e-03 5.011569636063911481e+00 8.391144608359639434e-02 -9.366635199244306431e-01 -1.126723913443430404e-02 -2.152126422570404074e+01
-1.210262071506319037e+00 -5.410845203525884578e-03 -6.134696415558807958e-01 6.968943600035081638e-05 8.832079525613948637e-05 -2.115212981527327726e-03 -1.660091077134521467e-03 5.011441762584201598e+00 7.894678419301144612e-02 -9.864102830256171739e-01 -1.155343724320533234e-02 -2.154151514054774808e+01
-1.241394138556625837e+00 -5.539983414541744741e-03 -6.144389671476661041e-01 1.608007422385167209e-04 3.251624745372332808e-04 -2.061250291849484398e-03 -1.804075989849488002e-03 5.011938546197328037e+00 7.421033492991660485e-02 -1.037401988052076618e+00 -1.184140557779736827e-02 -2.156169556921853570e+01
-1.272395108099080741e+00 -5.624778777824311453e-03 -6.153410491174085006e-01 -9.547631422183841434e-06 8.305281108974583992e-05 -2.097306175984502748e-03 -2.133631226106010199e-03 5.012360633451580227e+00 6.943710689500581790e-02 -1.089635308853343254e+00 -1.213080700904202447e-02 -2.158180412359170930e+01
-1.303414020569258591e+00 -5.742941780579765426e-03 -6.161761452747490653e-01 1.690476482012299108e-04 7.515444735148267270e-05 -2.038875579843686843e-03 -2.425979269184688411e-03 5.012493801869112531e+00 6.467685540849936465e-02 -1.143106383112946878e+00 -1.242202514716398212e-02 -2.160183890075127167e+01
-1.334282630967540406e+00 -5.808103350143934036e-03 -6.169365878112588186e-01 1.946467047342238376e-04 1.517338471754140004e-04 -2.104032847892651093e-03 -2.418104886614720356e-03 5.012770356737737742e+00 5.985933142146659253e-02 -1.197813844318081467e+00 -1.271175767654848798e-02 -2.162179730102938890e+01
-1.365110120394586124e+00 -5.892346639376468999e-03 -6.176915753211354998e-01 2.567030927169645840e-04 3.505305268101785085e-05 -2.089747898371344635e-03 -2.407055781864333218e-03 5.012963722481094564e+00 5.506055223188761893e-02 -1.253752712457596008e+00 -1.300297326515498578e-02 -2.164167845706057491e+01
-1.395739924886690408e+00 -5.982724539723105646e-03 -6.184690394417399206e-01 2.233432339003476913e-04 2.408966682014081442e-05 -1.762077447623137038e-03 -2.148032421441989186e-03 5.013077799308814697e+00 5.066063773272886511e-02 -1.310919676137969336e+00 -1.329418908104960419e-02 -2.166148164205838356e+01
-1.426345360577455645e+00 -6.158639891021297150e-03 -6.192227402898909938e-01 1.952384371949241197e-04 7.764579890592403341e-05 -1.510603606851813495e-03 -1.963096947469487961e-03 5.013140448612279698e+00 4.677482683977671890e-02 -1.369309863230288027e+00 -1.358788410221197125e-02 -2.168120796059664457e+01
-1.456939454684193169e+00 -6.138990900345758436e-03 -6.198946602228579961e-01 2.378133274224065649e-04 -1.089102184372519282e-04 -1.191458394119338784e-03 -1.830059501362728876e-03 5.013159031555583844e+00 4.362660545006468577e-02 -1.428920545769792882e+00 -1.388105202155485995e-02 -2.170085550253732265e+01
-1.487276455133784925e+00 -6.245960006327500209e-03 -6.205345461337070656e-01 1.841649826490951848e-04 3.164455817720673663e-05 -1.148106148458490593e-03 -1.514927053980767019e-03 5.013118839822949369e+00 4.102294652826716376e-02 -1.489747645885841631e+00 -1.417376113388500031e-02 -2.172042300451389707e+01
-1.517630944643415081e+00 -6.345932444878487656e-03 -6.211805130519063578e-01 1.167733047670578106e-04 -1.065742432695401999e-04 -1.001065371020106332e-03 -1.463659475638381946e-03 5.013053157177386865e+00 3.856558937098384515e-02 -1.551786164041529359e+00 -1.447014011796619870e-02 -2.173991140537468425e+01
-1.547923404077504062e+00 -6.415675741160782077e-03 -6.218649119839236850e-01 7.450557644116984101e-05 -7.518961733105503716e-05 -8.205324778362181951e-04 -1.345727094083088880e-03 5.012834891270492754e+00 3.646261591531582691e-02 -1.615035842566544977e+00 -1.476776752988492696e-02 -2.175932003955230698e+01
-1.578183761855721068e+00 -6.492320910983072173e-03 -6.224722218453455636e-01 -4.927085274053053275e-05 -1.536834107555390102e-05 -9.150405665444146745e-04 -1.602718901270015371e-03 5.012605742007989029e+00 3.443837801206620086e-02 -1.679493705539772064e+00 -1.506649171820181876e-02 -2.177864839131653696e+01
-1.608323761620052750e+00 -6.567360900928394772e-03 -6.230724231699832361e-01 1.021687135716059665e-04 1.873552252260344349e-04 -6.653383003245260090e-04 -1.725470785560638673e-03 5.012767198707135385e+00 3.264509246777429208e-02 -1.745157445071911839e+00 -1.536606712080343905e-02 -2.179789635812200288e+01
-1.638290647877541861e+00 -6.753910243882356272e-03 -6.236638954715446603e-01 2.007538031271329610e-04 8.909170385529532779e-05 -4.990185836844991153e-04 -1.512188071075826678e-03 5.013142947713573605e+00 3.128540272161302316e-02 -1.812020126123848884e+00 -1.567037035681081297e-02 -2.181706134247988160e+01
-1.668279529252519655e+00 -6.711532223445245901e-03 -6.241968391421917062e-01 -4.254939495874229490e-05 -1.067390479762312056e-04 -3.873584022476623439e-04 -1.497908062541642707e-03 5.012984807201502413e+00 3.028658659179593246e-02 -1.880078977556799646e+00 -1.597655798121675255e-02 -2.183614394892218868e+01
-1.698114515870039254e+00 -6.757070161505026804e-03 -6.246911339498647520e-01 -1.141561902537551831e-04 2.616665267126595020e-05 -2.899514437870634562e-04 -1.807549077363312679e-03 5.012885550612123708e+00 2.951477910073205951e-02 -1.949332560517485824e+00 -1.628410578813469303e-02 -2.185514289541050914e+01
-1.727978535791319548e+00 -6.676211147967049675e-03 -6.251397586782331262e-01 1.169035393129713317e-04 1.755362155026865317e-04 -1.117459322923435532e-04 -1.901928330726152623e-03 5.013116423953586143e+00 2.887301905780834815e-02 -2.019776698109682744e+00 -1.658890315844280955e-02 -2.187405647021577693e+01
-1.757702427885474039e+00 -6.739248693359522341e-03 -6.255658935097810902e-01 1.559662368024675313e-04 -1.242731892128525471e-04 -9.220467561201067266e-05 -1.643069393195391000e-03 5.013068999428200279e+00 2.860003057547461439e-02 -2.091410610422609562e+00 -1.689386768455693189e-02 -2.189288382766994800e+01
-1.787404232333247522e+00 -6.768793313804312775e-03 -6.260337508286226704e-01 2.519867557472549747e-04 -1.718451487281261473e-05 7.009593210565501556e-05 -1.145220351806522678e-03 5.012918262238774680e+00 2.866326393711910239e-02 -2.164229129617508907e+00 -1.720106275946665583e-02 -2.191162372891459498e+01
-1.816920764213012296e+00 -6.833106871797803468e-03 -6.264476295722140042e-01 3.282256021211349298e-05 -3.357593729506581036e-05 8.183569225481415949e-05 -7.244816853086351620e-04 5.012826801512519026e+00 2.891364395494963949e-02 -2.238228689838088314e+00 -1.750980703569608721e-02 -2.193027925788013732e+01
-1.846435241346436440e+00 -6.787217810526566773e-03 -6.267861148972226903e-01 -2.339091016691357224e-05 -2.886850451418620822e-05 1.232544872013317913e-04 -6.495755414756384160e-04 5.012874043242240063e+00 2.911774827917935210e-02 -2.313405864082027641e+00 -1.781982143567653262e-02 -2.194884535219810573e+01
-1.875857878726835626e+00 -6.759863105450376365e-03 -6.272144953130193157e-01 -1.061835799124304775e-04 -1.341837071944092740e-04 9.097073579123027645e-05 -7.691381303294506219e-04 5.012613266607298002e+00 2.939251538110489517e-02 -2.389758935910962112e+00 -1.813056988835435798e-02 -2.196732542134870769e+01
-1.905264308272667684e+00 -6.741598804956746779e-03 -6.275036131884225155e-01 -8.974580079762036942e-05 5.766193151450374563e-05 7.730378545629008490e-05 -1.065048058648779923e-03 5.012561057736085957e+00 2.951493061434623533e-02 -2.467286305399424506e+00 -1.844083250824869388e-02 -2.198571627333950218e+01
-1.934610698771076276e+00 -6.739525766821635386e-03 -6.278475048371159328e-01 7.365202906229485335e-05 1.787529576885202418e-04 2.856110832029368500e-04 -1.079534120107175123e-03 5.012828640931084045e+00 2.980929229895505281e-02 -2.545985248965846548e+00 -1.875149072793672392e-02 -2.200401786919496416e+01
-1.963799379016672564e+00 -6.639850925415314783e-03 -6.281186564161012065e-01 1.383970127773299108e-05 -7.696968825600650937e-05 2.491402157427648157e-04 -9.542849386783655184e-04 5.012908746223232015e+00 3.047073727847741595e-02 -2.625849729512868436e+00 -1.906209048158525460e-02 -2.202222817594162763e+01
-1.992866783637009753e+00 -6.583552747390503113e-03 -6.284788880174504433e-01 -4.523505073786021901e-05 2.279105843356838079e-06 1.527990666081726300e-04 -9.692815243881480356e-04 5.012771204166556416e+00 3.104104784334547201e-02 -2.706875977367443564e+00 -1.937001477092074528e-02 -2.204034956941335466e+01
-2.021858963949252352e+00 -6.558132066480228811e-03 -6.288898669447295919e-01 -6.502819774483344876e-05 -1.178737427900884444e-04 2.144716439734444891e-04 -1.016408911636162505e-03 5.012669528209531933e+00 3.145487239386982048e-02 -2.789060518159935054e+00 -1.967818549012130200e-02 -2.205838476074610455e+01
-2.050833538777928844e+00 -6.546067951815468487e-03 -6.291324467337247039e-01 3.807830614536991611e-05 9.385191643636945204e-05 2.317145806583512872e-04 -1.078888109791244091e-03 5.012685068953024903e+00 3.192062849653838630e-02 -2.872402639503298438e+00 -1.998601778381732530e-02 -2.207633313439966471e+01
-2.079717778174043907e+00 -6.494594557788807565e-03 -6.293690204974468072e-01 1.702359270421043220e-04 5.327761535789039103e-06 2.575887533914813089e-04 -8.114156694982039555e-04 5.012716466387891145e+00 3.232936486337543297e-02 -2.956897544823542390e+00 -2.029463864557205441e-02 -2.209418780573944474e+01
-2.108518721684610409e+00 -6.455101331862541335e-03 -6.296956390268086956e-01 -4.330903425216463699e-05 -2.724273703427139735e-05 1.709860330410923289e-04 -5.262815373864307899e-04 5.012745238014608695e+00 3.287809527477429661e-02 -3.042542340187058603e+00 -2.060291638940319608e-02 -2.211195408530421602e+01
-2.137225715486150701e+00 -6.413178115382296880e-03 -6.300270097418492199e-01 -3.947914580394752129e-05 1.054481127077272360e-04 2.156051448684541806e-04 -6.505174274869449103e-04 5.012899207309019722e+00 3.332672445546192019e-02 -3.129333695461179232e+00 -2.091105036599734054e-02 -2.212963256206345619e+01
-2.165927308741906199e+00 -6.480810041316517958e-03 -6.304196042105817410e-01 -1.381841184423851488e-04 -1.256937950827829412e-04 3.035121440634292806e-05 -8.220841545924977099e-04 5.012835802441029109e+00 3.367355308712642603e-02 -3.217271539029748162e+00 -2.122028657212066821e-02 -2.214722383702453001e+01
-2.194511442700026738e+00 -6.529463322196869118e-03 -6.307808411813451421e-01 -5.727924702368199152e-06 8.926113986196535031e-06 1.029596244333401195e-04 -9.638890803430371279e-04 5.012587154883960672e+00 3.377336810362931152e-02 -3.306350737885483060e+00 -2.153339757633821600e-02 -2.216473067138741015e+01
-2.223049273149736216e+00 -6.510386837970851513e-03 -6.310031121833087342e-01 1.829558163258347009e-04 9.101822584162124407e-05 1.815465480736767336e-04 -6.994938233726716173e-04 5.012707818062300369e+00 3.410274345905439652e-02 -3.396569129832970546e+00 -2.184833744246326634e-02 -2.218214959978179834e+01
-2.251480860834841558e+00 -6.541480034363865610e-03 -6.312116231361806218e-01 2.817794418785102026e-05 -1.793224073719494214e-04 2.851308330654773218e-05 -4.954735457285198465e-04 5.012722897933304722e+00 3.443854139241364631e-02 -3.487923011879739299e+00 -2.216487997721098072e-02 -2.219947777876164352e+01
-2.279819793064451261e+00 -6.460917688750951286e-03 -6.314663104823570183e-01 -1.241328761851274868e-04 9.354522491843175904e-06 3.842920602197961495e-05 -5.741941770958535916e-04 5.012548538397338938e+00 3.451592573910019363e-02 -3.580408420656968627e+00 -2.248074786072830691e-02 -2.221671687244311499e+01
-2.308096450818855061e+00 -6.416886511072764955e-03 -6.316312398501674474e-01 -5.979088004045798226e-05 -1.350321219106023177e-04 5.771770890888950679e-05 -7.620469865451679880e-04 5.012372605544598514e+00 3.468482326371801622e-02 -3.674022577844919368e+00 -2.279466331329262768e-02 -2.223386495410137087e+01
-2.336239019753327373e+00 -6.432008564801658043e-03 -6.318045790571680254e-01 -5.311736864258938186e-07 1.348211532579949201e-04 1.558905689175954068e-04 -8.078465079684363876e-04 5.012368860081896749e+00 3.489381596118516088e-02 -3.768761464047841958e+00 -2.311010755794107308e-02 -2.225092101127775024e+01
-2.364378253453930157e+00 -6.306613046512310472e-03 -6.320432751597945265e-01 -9.977492274684714993e-05 2.138426252567740668e-04 1.139962454999039862e-04 -8.624379110665815213e-04 5.012874552053617094e+00 3.523398973752534663e-02 -3.864622806869698390e+00 -2.342549100133006768e-02 -2.226788698505663433e+01
-2.392419630071040082e+00 -6.239828550489051259e-03 -6.321822872543442218e-01 1.763108640172144346e-04 -1.733908695296202003e-04 3.280031647188920603e-06 -7.285183917380368048e-04 5.012877259099971283e+00 3.533775033989160208e-02 -3.961603763495136210e+00 -2.373736542271521685e-02 -2.228476140994794363e+01
-2.420313072374873364e+00 -6.239457188978151173e-03 -6.324565017718394300e-01 -3.022671505825887952e-05 4.648695435739040523e-05 -1.509255983212459782e-05 -6.079993955940914650e-04 5.012738395022099169e+00 3.527717289585299842e-02 -4.059699882036730934e+00 -2.404685539666115424e-02 -2.230154694716507535e+01
-2.448300177300165359e+00 -6.275502486712210976e-03 -6.326412645378092225e-01 -4.730402340052212713e-05 9.176463006641696570e-05 -2.494992056655010728e-05 -6.559864148515899334e-04 5.012995930526209065e+00 3.527472504554764188e-02 -4.158910229022294125e+00 -2.435970250781109916e-02 -2.231824430381266922e+01
-2.476123447509032793e+00 -6.329872761349555725e-03 -6.328003437072360349e-01 -5.194007606003523753e-05 -1.234201507928687862e-04 -9.507989022712410242e-05 -7.741519987284156646e-04 5.012986562020703474e+00 3.521109341666672776e-02 -4.259232964354097817e+00 -2.467228583089427912e-02 -2.233484968533852921e+01
-2.503853173005094579e+00 -6.274859705629336031e-03 -6.330243887073615516e-01 1.481081482238583570e-04 1.476837131165320679e-04 -8.694407909730291232e-05 -7.324746258179622247e-04 5.013051966427618744e+00 3.503021663380319339e-02 -4.360664434162169201e+00 -2.498683057574679900e-02 -2.235136592023850000e+01
-2.531561210881684065e+00 -6.287874838893900246e-03 -6.332000700781147406e-01 4.068843585677309161e-05 -5.323489962338865430e-05 -9.083214960200802811e-05 -4.687647591877733971e-04 5.013212461090802208e+00 3.492248699884471091e-02 -4.463200726019105780e+00 -2.530072355863392103e-02 -2.236779398457411716e+01
-2.559205251679064652e+00 -6.238175510285393251e-03 -6.333408606066485147e-01 -3.659427275029391034e-05 -2.252245710184605130e-04 1.075509529844737900e-04 -4.339852601058664374e-04 5.012976023147697191e+00 3.486406963872554221e-02 -4.566840176128294182e+00 -2.561438257645138120e-02 -2.238413086435328125e+01
-2.586806641959852993e+00 -6.186461526613723852e-03 -6.334915195028280044e-01 -1.426376904416670657e-04 -6.166272360414550892e-05 1.614638897046252763e-04 -5.242235108481961949e-04 5.012649076222671418e+00 3.522693967699753320e-02 -4.671580652786396115e+00 -2.592608529282396448e-02 -2.240037788458548818e+01
-2.614278886034413052e+00 -6.201394568008569697e-03 -6.336072319153716048e-01 -6.967604377057623585e-05 3.240065626055609895e-05 1.514492381176876562e-04 -6.469261378051532809e-04 5.012672172318887398e+00 3.553424164291009435e-02 -4.777419055506457291e+00 -2.624014013104176285e-02 -2.241653377793328872e+01
-2.641831553804243615e+00 -6.234634944500575156e-03 -6.336947889134476597e-01 -4.066590945032599240e-05 -7.125902232937332548e-05 1.930712399775516466e-04 -7.271489718029036089e-04 5.012746052279822173e+00 3.586818313523864460e-02 -4.884354101276742632e+00 -2.655599488440700540e-02 -2.243259780819047222e+01
-2.669139131060618730e+00 -6.181808419449627383e-03 -6.338772155436860345e-01 -1.226727384174232025e-04 1.559527276339806024e-04 1.726561740356979979e-04 -9.538466521507531605e-04 5.012838312627372339e+00 3.624695590373493148e-02 -4.992382568014850364e+00 -2.687217747507756813e-02 -2.244857129811518348e+01
-2.696399400336614516e+00 -6.114808562212549307e-03 -6.340140061214603051e-01 -1.501839438699989731e-04 -5.846132134650942826e-05 1.031402129917523194e-04 -1.192136514852792451e-03 5.012954364359580417e+00 3.662950979634974069e-02 -5.101498074582410780e+00 -2.718804113051617038e-02 -2.246445589165545087e+01
-2.723605709740671177e+00 -6.079303156633026305e-03 -6.341824478964114276e-01 6.587538753274572317e-05 4.171446956557427031e-05 1.836642760193840207e-05 -1.263929906347912094e-03 5.012933917212459178e+00 3.675438590452757837e-02 -5.211699969381526465e+00 -2.750233639384844567e-02 -2.248025012081857099e+01
-2.750730254129099439e+00 -5.980645074919910265e-03 -6.343224844769105308e-01 1.445745050692900360e-04 5.270969574497554749e-06 -2.766052055406597405e-05 -9.507073483150559057e-04 5.013018070855832065e+00 3.670067578757448684e-02 -5.322985587201267244e+00 -2.781549941777464174e-02 -2.249595613348874679e+01
-2.777776306230887116e+00 -6.016071029104604583e-03 -6.344244407396730789e-01 -5.302734706214175383e-05 1.706717753372529437e-05 -1.366803869108481403e-04 -9.008387920132006257e-04 5.013081885600688459e+00 3.648721074803719377e-02 -5.435349920889343878e+00 -2.812740716321745008e-02 -2.251157124329078130e+01
-2.804706388469126566e+00 -5.943698591291918069e-03 -6.344420057932924628e-01 1.505745373987113858e-04 -1.477179521168385656e-05 -2.223137547153595411e-04 -7.496987853651191063e-04 5.012945828099549139e+00 3.607707893461812448e-02 -5.548790573533850079e+00 -2.843884312342117443e-02 -2.252709594645430258e+01
-2.831538112284870845e+00 -5.919474137474917824e-03 -6.345258387086351037e-01 -2.320652287416011828e-05 -9.191437738178017791e-05 -1.683594990946922292e-04 -7.167976303920947818e-04 5.012765787675502516e+00 3.561448345509767022e-02 -5.663301694924053109e+00 -2.874769086291437820e-02 -2.254252864428457315e+01
-2.858361599373699047e+00 -5.908552661785928216e-03 -6.347022520782803490e-01 4.369412803656623164e-05 2.349594735570044939e-05 -1.278012631544768929e-04 -6.841296361088403067e-04 5.012650590547830021e+00 3.532053094300284524e-02 -5.778882071357406502e+00 -2.905495407491492238e-02 -2.255787210677868870e+01
-2.885123274517972014e+00 -5.860438024266716173e-03 -6.348264101951165417e-01 -1.387689251556572666e-05 6.141581926073352024e-05 -1.226297794368565500e-04 -6.974253725103039597e-04 5.012699165130004353e+00 3.501553731557610627e-02 -5.895530916534466925e+00 -2.936179100177783649e-02 -2.257312944376577590e+01
-2.911754071494952356e+00 -5.844886116158973591e-03 -6.350312053920432742e-01 -1.720255231491715190e-04 -4.862790756076915865e-05 -2.615505248777850694e-05 -9.686499963086119208e-04 5.012643275732513892e+00 3.475033168991811805e-02 -6.013244438510584544e+00 -2.966680516487029892e-02 -2.258829929825394345e+01
-2.938346299175782494e+00 -5.862655129014510483e-03 -6.349971419274473838e-01 2.423329845834678529e-05 -1.326058825116487452e-05 -4.441599760950347019e-05 -1.116791530072342147e-03 5.012613649797241777e+00 3.458770705426317260e-02 -6.132017616539643612e+00 -2.997316716135590281e-02 -2.260337934176458319e+01
-2.964921562322878845e+00 -5.896228247230724494e-03 -6.349673183061260717e-01 1.746164687763641856e-04 -2.453217004081529896e-05 -1.375738832572983544e-05 -7.401522464339779306e-04 5.012653347325224829e+00 3.452196573271500146e-02 -6.251851819739412619e+00 -3.028144666425556034e-02 -2.261836632680036274e+01
-2.991421902421973478e+00 -5.968364707303291765e-03 -6.350489234892576773e-01 -1.948901312387335842e-04 -4.117396977796717266e-05 2.471637748774284152e-06 -7.843731424701678176e-04 5.012552327728108992e+00 3.450999897672981515e-02 -6.372742107633398767e+00 -3.059204472708825298e-02 -2.263326038341180180e+01
-3.017811133859093164e+00 -6.047074674924840347e-03 -6.351048857967563910e-01 -7.090773405989701848e-05 -2.862071321983817641e-05 -3.079908409742028572e-05 -1.016316952150573844e-03 5.012587431438031871e+00 3.446712468441976568e-02 -6.494686292842906106e+00 -3.090440632416070060e-02 -2.264806551985226335e+01
-3.044189571973831665e+00 -6.106497138554400385e-03 -6.352192454140818123e-01 9.034172698957541634e-06 1.666756005600183543e-04 -8.835609508992182297e-05 -1.106090515992431403e-03 5.012684801568498827e+00 3.431654063745955691e-02 -6.617682244511682299e+00 -3.122275555979532949e-02 -2.266278170099009159e+01
-3.070455611638330140e+00 -6.113438823296003972e-03 -6.353236448520356294e-01 -4.805214869025189030e-05 -1.366905222017144000e-04 3.202357675948201975e-05 -1.199160008615487126e-03 5.012768489795183413e+00 3.421319203242226964e-02 -6.741728057389389406e+00 -3.154220777925596103e-02 -2.267740927912618432e+01
-3.096677131587058263e+00 -6.032982543064611611e-03 -6.353714093567036647e-01 1.090218629478494343e-04 5.171663175155791111e-05 -5.848245401466356879e-06 -1.114227917162321320e-03 5.012794415285743099e+00 3.428080074030176450e-02 -6.866819362973388685e+00 -3.186142995691650104e-02 -2.269194819974684307e+01
-3.122877727951192561e+00 -5.943003173583278481e-03 -6.355056856199660098e-01 1.326926751984204317e-04 -1.708978971515378881e-04 -8.864126543989104905e-05 -8.805401581920630416e-04 5.012588550416015920e+00 3.410809313331270021e-02 -6.992956213605808991e+00 -3.217628551094980915e-02 -2.270640010248883556e+01
-3.149035384847125751e+00 -5.983192911488735208e-03 -6.355848098851105688e-01 1.096977991416448568e-04 9.826094305609832532e-05 1.101207292531787275e-04 -6.693684965283794395e-04 5.012506305300428622e+00 3.412619336649681118e-02 -7.120135210793050895e+00 -3.249047060229601214e-02 -2.272076418012821364e+01
-3.174991289965579000e+00 -5.974004152793397499e-03 -6.357143014477701914e-01 -6.728832962833219478e-05 2.076313151069520107e-05 -5.258157936322808442e-05 -4.973254386505293785e-04 5.012616161424713113e+00 3.421140732355850561e-02 -7.248353684581935852e+00 -3.280619778097186579e-02 -2.273504146164174955e+01
-3.200945015859370191e+00 -5.892781469270092984e-03 -6.358580748644575564e-01 9.641053164474560884e-05 2.532227058824700928e-04 1.605223211839388055e-05 -4.306170014966491052e-04 5.012971200867106347e+00 3.422233683872628190e-02 -7.377606461925939385e+00 -3.312000127941918531e-02 -2.274923379834940818e+01
-3.226886322931373563e+00 -5.916082139380048760e-03 -6.359605234409723140e-01 -1.775665679085971702e-04 -1.318985823763527392e-04 8.790754408887295186e-05 -4.557330324142077065e-04 5.013080891983067389e+00 3.435893245800707152e-02 -7.507893308885272177e+00 -3.343350684936876455e-02 -2.276333972699810460e+01
-3.252667669165384634e+00 -5.933167528076530896e-03 -6.359606817292580150e-01 -3.877910376085682924e-05 -1.701083859914890477e-05 9.339026802830712121e-05 -6.347947417241777855e-04 5.013016778054200095e+00 3.458925837722982843e-02 -7.639212253622649662e+00 -3.374983704766858911e-02 -2.277735604831087457e+01
-3.278388683022507522e+00 -6.009820153683574466e-03 -6.360400973297647420e-01 -3.495061085785203584e-05 1.757970988020728575e-05 9.353146057002434844e-05 -6.620236748729110008e-04 5.013010329607543447e+00 3.474086334832170164e-02 -7.771556305034656553e+00 -3.407008487240020811e-02 -2.279128515882143091e+01
-3.304142268000991756e+00 -5.991928282204790450e-03 -6.361583229627845171e-01 -7.092881567301213429e-05 -9.096702446768548502e-05 1.417681294388642920e-04 -8.355965578802374222e-04 5.012909793782490020e+00 3.494642646422188581e-02 -7.904926140869870999e+00 -3.439229063251018903e-02 -2.280512862795710660e+01
-3.329815866551449677e+00 -5.977542267329542802e-03 -6.361138205939367296e-01 7.592038890982794443e-05 -6.223172506491063947e-05 1.103847972988541005e-04 -8.306061846290018749e-04 5.012788922800125668e+00 3.523784536886691299e-02 -8.039321132460894859e+00 -3.471410278257460597e-02 -2.281888345812289032e+01
-3.355275078623911167e+00 -6.025095741577333672e-03 -6.362050501086873311e-01 -2.670006469980428608e-05 -9.861609788424154381e-05 6.766462343281129702e-05 -7.378944698089232165e-04 5.012507458328949284e+00 3.545710597687674187e-02 -8.174735415799391447e+00 -3.503850122791334065e-02 -2.283254897324609090e+01
-3.380696589303342048e+00 -6.016622642881357640e-03 -6.361883178187350829e-01 -8.196692660678138673e-06 1.070772528866142794e-05 -2.010708572128683196e-05 -7.769998031535923578e-04 5.012464343683367574e+00 3.548398707397779073e-02 -8.311162234520423908e+00 -3.536471491351200758e-02 -2.284612803997822894e+01
-3.406066566273852292e+00 -5.976432026898528815e-03 -6.362720359965118311e-01 -3.437227684792003188e-05 1.813051558584077361e-04 -3.867396540811526688e-05 -9.401883355777855078e-04 5.012727478823705063e+00 3.539552069116818495e-02 -8.448602541464445892e+00 -3.568807263271575603e-02 -2.285961935554102453e+01
-3.431417615039889402e+00 -5.952649644244352271e-03 -6.362451731070798422e-01 3.390951785430905278e-05 -1.446337689680912112e-04 -7.430662897915188696e-05 -9.356433284848103158e-04 5.012853593316826561e+00 3.528043073981298322e-02 -8.587053112147142286e+00 -3.601207339694081910e-02 -2.287302307084673458e+01
-3.456622614704571550e+00 -5.890215518032287066e-03 -6.362673712190634046e-01 -8.728662094107411291e-06 -6.327253882958105145e-05 -3.333420260883424046e-05 -9.119932522249854122e-04 5.012586653163224604e+00 3.516039264007403409e-02 -8.726510453721056493e+00 -3.633608886836222490e-02 -2.288633917797930550e+01
-3.481859437632964127e+00 -5.865687498633751114e-03 -6.362619790554392418e-01 6.538929216151726257e-05 -7.868728962761232625e-05 -3.542381810239040023e-05 -8.397841427101827502e-04 5.012448454321652314e+00 3.506631354573493814e-02 -8.866972376704103098e+00 -3.665855103525605951e-02 -2.289956758823390004e+01
-3.507043565260028029e+00 -5.914690918591629203e-03 -6.361942025641420528e-01 4.560503493531621074e-05 1.813628042213444563e-04 7.429728686972651101e-05 -8.131893159579002203e-04 5.012613246566259839e+00 3.504280787178785245e-02 -9.008439920034023274e+00 -3.698024804760273454e-02 -2.291270506403109408e+01
-3.532095581407969309e+00 -5.837018276359113786e-03 -6.362451852694294141e-01 8.472348711700109533e-05 -4.645153405466689693e-05 1.365075399435303698e-05 -6.839355068232927425e-04 5.012753566665237415e+00 3.528489299301350995e-02 -9.150907310363338709e+00 -3.730356605472263942e-02 -2.292575595846341230e+01
-3.557016685911122078e+00 -5.747005954797795857e-03 -6.363544364196419556e-01 9.030871907460106835e-05 7.903727660067228020e-05 1.509062805673112406e-04 -4.249849473731904170e-04 5.012765969859003690e+00 3.555896880463024073e-02 -9.294370933674871438e+00 -3.762373968052787343e-02 -2.293872124150851732e+01
-3.581953358719435432e+00 -5.776295508271025829e-03 -6.363570152546224046e-01 -1.385575288311616498e-04 -7.361471370018044707e-05 2.847987288541603546e-04 -3.521154836302619901e-04 5.012691613931314905e+00 3.600705218092068588e-02 -9.438829345780431979e+00 -3.794403024132576158e-02 -2.295160234202352711e+01
-3.606850111917759172e+00 -5.796158406163573300e-03 -6.363185252260338265e-01 -2.072271526999481313e-04 6.768718625911845747e-05 1.830871633714831344e-04 -7.215572695157651236e-04 5.012691426515694992e+00 3.657656847673661921e-02 -9.584279966289649622e+00 -3.826804729219999979e-02 -2.296439603750924618e+01
-3.631629148102039295e+00 -5.633875356568987004e-03 -6.363829815343028384e-01 -1.346278610141141022e-05 -1.017343012307821517e-04 1.695438481023100053e-04 -9.089563601662654533e-04 5.012604063583836478e+00 3.698347503501035749e-02 -9.730720299221411906e+00 -3.859162145750517914e-02 -2.297710285964332755e+01
-3.656386370814628251e+00 -5.620369830583429351e-03 -6.364263717270305376e-01 -5.730645781212946388e-05 -6.197369861591454638e-05 2.753495236523320362e-04 -9.369845484510417157e-04 5.012362008357373888e+00 3.751479095005860048e-02 -9.878147485708453246e+00 -3.891236493546214315e-02 -2.298972662821567781e+01
-3.681055266022267070e+00 -5.643003779143599200e-03 -6.363858329112094259e-01 3.545693933308431830e-05 -2.746756852733296198e-05 1.769466382267491020e-04 -9.348389808932317750e-04 5.012299893482889068e+00 3.802117525482373583e-02 -1.002656046013282953e+01 -3.923645181652853781e-02 -2.300226360989042007e+01
-3.705624862407709941e+00 -5.596795727826163816e-03 -6.364246942258873219e-01 8.256861323184792347e-05 1.141484521961986399e-05 1.748438705849698839e-04 -6.915619477360600287e-04 5.012249749990431269e+00 3.834963693083426328e-02 -1.017595394873625025e+01 -3.956158356193934661e-02 -2.301471543587343405e+01
-3.730130467464888966e+00 -5.579442935456527773e-03 -6.363782307152200390e-01 -3.691216619387852316e-06 -8.319674906043097258e-05 3.796401458663467289e-05 -5.916403098362850400e-04 5.012142594732485357e+00 3.857770992963533568e-02 -1.032632406712761863e+01 -3.988538943943355924e-02 -2.302708133578334326e+01
-3.754517215721193679e+00 -5.562517095219399535e-03 -6.364025911163879723e-01 -6.274054212888040142e-05 6.433477974360620128e-05 -8.587180951726615949e-05 -5.858444044323463063e-04 5.012177658972944982e+00 3.849481766437928137e-02 -1.047766934062141786e+01 -4.020979355488350088e-02 -2.303936126719577615e+01
-3.778892724270855208e+00 -5.536278066926071835e-03 -6.364061072539044517e-01 -1.836155350312888683e-04 1.683845522264559077e-04 -1.829955764457695143e-04 -8.556193133971701486e-04 5.012446594962256086e+00 3.830637172490390652e-02 -1.062998495341396143e+01 -4.053444024847989435e-02 -2.305155664246957059e+01
-3.803209322966798034e+00 -5.522237344575198388e-03 -6.363385691442068337e-01 1.221351922954956300e-04 2.607000607805808664e-05 -1.374398335196444422e-04 -9.542091738569865580e-04 5.012725594859229972e+00 3.799120939624317517e-02 -1.078327011667643021e+01 -4.085841134111962286e-02 -2.306366427637532013e+01
-3.827473887425079990e+00 -5.509196558224207368e-03 -6.363984229931908265e-01 4.536717300435609502e-05 -1.601812158550082281e-04 -2.061675100396568103e-05 -8.014351736470574266e-04 5.012459376722582682e+00 3.767040615204353404e-02 -1.093752361218855462e+01 -4.118088304435029573e-02 -2.307568768573201723e+01
-3.851654722917376095e+00 -5.507045509073761787e-03 -6.363832014365614631e-01 -5.585803410597138996e-05 1.344792992336283656e-04 -3.064624861424965462e-06 -7.387074435466028889e-04 5.012331205858552075e+00 3.771236032098105456e-02 -1.109274381955380306e+01 -4.150346019972244588e-02 -2.308762705843751561e+01
-3.875806822876481039e+00 -5.432459251615310777e-03 -6.364047460317541205e-01 -5.121440259100761759e-05 -9.228579769270030698e-05 -1.344984416843105575e-04 -8.125554830778890670e-04 5.012366807812155933e+00 3.754000841864008065e-02 -1.124892676085257648e+01 -4.182573728035060556e-02 -2.309948235373983394e+01
-3.899950471116478745e+00 -5.514919584692068270e-03 -6.364095505711572232e-01 1.706669177535098344e-04 2.087538819175684048e-04 -1.366076191962780067e-04 -6.221409804114543625e-04 5.012431810013403322e+00 3.716347621765482556e-02 -1.140607106366041457e+01 -4.214704011053255900e-02 -2.311125398002060649e+01
-3.923967719581070934e+00 -5.593200027203992092e-03 -6.365709601868234646e-01 -1.348768302956116708e-04 -9.030667618790361203e-06 -1.222901818678168639e-04 -5.891195369310236584e-04 5.012726511977627197e+00 3.682958638926220329e-02 -1.156417513046655721e+01 -4.247214690492517875e-02 -2.312294452285225077e+01
-3.947943963159024516e+00 -5.530710259673408090e-03 -6.364771904190819063e-01 -4.830692325070041343e-07 9.387481519004567767e-05 -9.058061559503451880e-05 -8.231617777288780316e-04 5.012820128930356667e+00 3.656997023756809739e-02 -1.172323665953735272e+01 -4.279660669722085142e-02 -2.313455221202931966e+01
-3.971774867241725904e+00 -5.597693953277929624e-03 -6.365207014204273817e-01 -1.309095660708067685e-05 -5.115697383417288420e-05 -1.007468063359748381e-04 -7.953098955349021055e-04 5.012851847324634846e+00 3.629729060399079776e-02 -1.188324984782924254e+01 -4.312138110856314488e-02 -2.314607350372106254e+01
-3.995593035799104520e+00 -5.561376954059725139e-03 -6.365667647849829747e-01 8.467439661051431041e-05 -1.225300402016935714e-04 -1.334007116106591419e-04 -8.518487079432888369e-04 5.012714938745530091e+00 3.607591683397454868e-02 -1.204421263015844445e+01 -4.344649974903149608e-02 -2.315751496030219769e+01
-4.019349767428916920e+00 -5.650964375545216960e-03 -6.365328516253072610e-01 5.108981110310033204e-05 2.917758380967965160e-05 -2.367551505038919071e-04 -7.889421665250727529e-04 5.012515775151072717e+00 3.556275384790496402e-02 -1.220612316189459357e+01 -4.377286398973712772e-02 -2.316887304802245495e+01
-4.043084765490328358e+00 -5.723993174287677309e-03 -6.364595379058108904e-01 -1.582781058264163334e-06 -4.228767471091877830e-05 -2.717230846853173256e-04 -8.293805748863831854e-04 5.012401578871923391e+00 3.490918776301853155e-02 -1.236897980881946602e+01 -4.410067281875077599e-02 -2.318014651584053354e+01
-4.066634024787318502e+00 -5.801563728050918196e-03 -6.365174585261862417e-01 -2.181634288890803834e-05 6.275789348121331391e-05 -2.745305422283912450e-04 -8.171805108201351392e-04 5.012468619086993371e+00 3.443306751208188160e-02 -1.253277794284540470e+01 -4.443028492321857148e-02 -2.319133745710456651e+01
-4.090249317864583567e+00 -5.789752707077335490e-03 -6.366223937873346506e-01 3.566333036708582742e-05 7.971299835347897349e-05 -3.007721548090596005e-04 -8.418551365654640926e-04 5.012570157172222984e+00 3.384846136898224389e-02 -1.269751693457265773e+01 -4.476098033008323041e-02 -2.320244906304442623e+01
-4.113852683568734570e+00 -5.833542070473588491e-03 -6.366400444937936332e-01 1.437770808841217906e-05 1.226646938982609025e-04 -3.068918112325358990e-04 -8.510248282984139365e-04 5.012833809709841937e+00 3.323670026575416964e-02 -1.286319640025955024e+01 -4.509214112338582464e-02 -2.321348053344784290e+01
-4.137301699193979942e+00 -5.956458694250646099e-03 -6.367050268072028674e-01 -4.221694537369912739e-05 -4.709861766772266883e-05 -2.736439834427665217e-04 -9.347536003894564398e-04 5.012969372260486445e+00 3.245721049504685790e-02 -1.302981390316672083e+01 -4.542308395174122354e-02 -2.322442987788884139e+01
-4.160758071271894565e+00 -5.957237372138554990e-03 -6.366747693864508451e-01 -1.504855698465675093e-04 1.649189467771263525e-04 -2.714824801020698352e-04 -1.166217273427698009e-03 5.013103976846405629e+00 3.185075975931387499e-02 -1.319736666096951261e+01 -4.575509351359861171e-02 -2.323529844145527079e+01
-4.184062358966003536e+00 -6.025121297956919156e-03 -6.367611257689457238e-01 5.142482669955063382e-05 -4.754649742634406071e-05 -3.808954769803406595e-04 -1.385888881481585691e-03 5.013272539279570950e+00 3.108481057102419759e-02 -1.336585000721633776e+01 -4.608822615715688076e-02 -2.324608573214226226e+01
-4.207408026189680683e+00 -6.048150211327976353e-03 -6.367300844061311027e-01 2.324491071530919786e-04 -1.455794970493499041e-05 -3.118909373633236767e-04 -1.156420920993071104e-03 5.013252381757768106e+00 3.034101946528151503e-02 -1.353526292204174197e+01 -4.642143015640452786e-02 -2.325679149055509853e+01
-4.230651284895139419e+00 -6.056786718986202807e-03 -6.366632745154571227e-01 1.591850173991873982e-04 -4.142973414884022337e-05 -3.344774437166810358e-04 -6.529872367153790160e-04 5.013191921914132543e+00 2.963556291292626654e-02 -1.370560372567993745e+01 -4.675262085944400375e-02 -2.326741559299788875e+01
-4.253788373366550246e+00 -6.063585317534176712e-03 -6.367054324821430633e-01 1.002589583230422744e-04 -2.103101952856254906e-04 -3.932861950795749593e-04 -4.674993557208823470e-04 5.012915349636596574e+00 2.877196199562247203e-02 -1.387686888264772733e+01 -4.708233200095510163e-02 -2.327795686616114423e+01
-4.276968983046185002e+00 -6.176049521157024949e-03 -6.366450761575527251e-01 -1.208869348369576488e-04 2.581353888203105781e-04 -2.484268635870927290e-04 -6.245365134943776323e-04 5.013000853859336026e+00 2.808597319551561777e-02 -1.404905675101750440e+01 -4.741281325474587527e-02 -2.328841905497047904e+01
-4.300096269641561442e+00 -6.085825997879309134e-03 -6.366557757119970518e-01 8.105921231332980734e-06 -6.279065214368490639e-05 -9.748426699533240881e-05 -8.375589703404997567e-04 5.013299948517459192e+00 2.771017697558534471e-02 -1.422216693058590131e+01 -4.774229031326925748e-02 -2.329879796236498279e+01
-4.323137950829568865e+00 -6.076056761403700324e-03 -6.366636472615638809e-01 -1.250160882184030793e-04 9.864844354922704900e-06 1.630864560442572928e-04 -9.531220120101264407e-04 5.013246855119177781e+00 2.773185243247127188e-02 -1.439619788478002782e+01 -4.806971667609431093e-02 -2.330909646518799860e+01
-4.346083929048743855e+00 -6.024328526939170050e-03 -6.366524568924064598e-01 -5.544438596734321627e-05 -7.043118065240191599e-06 4.125534218909288411e-04 -1.044097689142999951e-03 5.013178015975882751e+00 2.839762499458162517e-02 -1.457114410599400678e+01 -4.839727301046960195e-02 -2.331931306681889282e+01
-4.368991085120718765e+00 -5.858447695648770492e-03 -6.366982012712918415e-01 -9.596615458140012544e-06 1.555240776235038808e-04 4.582472963000601765e-04 -9.462389230973538342e-04 5.013321105406501665e+00 2.934011396597026311e-02 -1.474700391422081758e+01 -4.872342496511510718e-02 -2.332945110578387826e+01
-4.391918650075090191e+00 -5.842227800896356363e-03 -6.367519331727975462e-01 1.384174994405439345e-04 -1.894961967983587944e-04 4.254097737212557038e-04 -6.491758337426725483e-04 5.013254438070664953e+00 3.043109120683877913e-02 -1.492377681368593301e+01 -4.905101873514339239e-02 -2.333951143509284876e+01
-4.414673909843839894e+00 -5.726389858795027411e-03 -6.367121006979843401e-01 8.340708672591422019e-05 -1.758358980273899108e-05 3.909832598110316504e-04 -3.256227141640598874e-04 5.013067072363774024e+00 3.140764501260596975e-02 -1.510146028185199896e+01 -4.937975054165016225e-02 -2.334949104273848519e+01
-4.437270983377743505e+00 -5.651170828482894766e-03 -6.366669445341118783e-01 -1.296701779430484494e-04 -1.026219972565061127e-04 4.125277052824240318e-04 -2.992360467183567555e-04 5.012895876994391209e+00 3.231173914961004562e-02 -1.528004708152043101e+01 -4.970707995923535905e-02 -2.335939229381527937e+01
-4.459799092140618093e+00 -5.634130450731989273e-03 -6.366650806813544117e-01 -1.315371575357994667e-04 5.042304466082610497e-05 2.176859864316919315e-04 -5.952029813016117710e-04 5.012924647176224546e+00 3.307599878998520454e-02 -1.545953399994780852e+01 -5.003637524190671787e-02 -2.336921304850046255e+01
-4.482439092760104771e+00 -5.561464366265024724e-03 -6.367313975044428531e-01 -1.807642494598549193e-05 -2.499083595449888405e-05 1.799059503574398314e-04 -6.876413357645146194e-04 5.013013336712090151e+00 3.360772947155681728e-02 -1.563991948260212439e+01 -5.036511016901872029e-02 -2.337895641916113121e+01
-4.504915744343519712e+00 -5.597149429896387633e-03 -6.366819404597728882e-01 -1.152671125259245111e-04 -2.439257946413123259e-05 1.813382504061760098e-04 -8.077495051898071635e-04 5.012980969378884488e+00 3.403920866028644493e-02 -1.582120535087943303e+01 -5.069566648721390845e-02 -2.338862148274829877e+01
-4.527357558488526834e+00 -5.514208244249032935e-03 -6.367089251263634564e-01 -6.644570182088839700e-05 5.122108213361718483e-05 1.718493000022362294e-04 -9.241486937697883245e-04 5.012999592543954108e+00 3.445262350335878687e-02 -1.600338562375161189e+01 -5.102753103568932747e-02 -2.339820699768858603e+01
-4.549693451370918851e+00 -5.455086638021752234e-03 -6.366999251609946064e-01 -1.050885391090859125e-06 4.650824401778833907e-05 5.067016552582704128e-05 -1.039941614987191986e-03 5.013043714182612298e+00 3.457209234732674247e-02 -1.618645692059430630e+01 -5.135854619750628708e-02 -2.340771455345766228e+01
-4.571985652788240095e+00 -5.480314092089079436e-03 -6.367759818721195897e-01 -6.491184789275279677e-05 -1.056790426525921472e-05 9.759310688291539964e-05 -1.167710887552697975e-03 5.013135809975019619e+00 3.467100262665231275e-02 -1.637041765796139359e+01 -5.168929230817820991e-02 -2.341714487043450177e+01
-4.594234060192861513e+00 -5.429883688897670611e-03 -6.367845553262282410e-01 -5.049084638532120369e-05 2.424897675290588627e-06 2.286886231936545888e-04 -1.358649506887384464e-03 5.013047325366410512e+00 3.508719583904016531e-02 -1.655526701249705823e+01 -5.202023673371230367e-02 -2.342649845979835277e+01
-4.616431348809351576e+00 -5.414447668081872125e-03 -6.367486767751985299e-01 -4.800770174456136163e-05 -9.484431689117325684e-05 1.746819774870692499e-04 -1.579612364762522907e-03 5.012956443287833075e+00 3.549902904902451500e-02 -1.674100126654905196e+01 -5.235264347254770662e-02 -2.343577512090857340e+01
-4.638557638389388060e+00 -5.357331616792390498e-03 -6.368228819995075396e-01 1.426154466598442724e-04 8.530172498302459770e-05 2.408911059522482175e-04 -1.468812963023791683e-03 5.012867144958021548e+00 3.599600439715718025e-02 -1.692761930670796744e+01 -5.268454877249876406e-02 -2.344497523630116831e+01
-4.660651596080557901e+00 -5.289677609971728083e-03 -6.368789465570968700e-01 7.437821674902058561e-05 1.319192367641714824e-04 1.615266716121197303e-04 -1.138122226189453978e-03 5.013179165760737632e+00 3.649024452328659268e-02 -1.711511720369180622e+01 -5.301759854538756062e-02 -2.345410070815805881e+01
-4.682596289905590403e+00 -5.263389367329089283e-03 -6.369176703653448568e-01 3.085876584366376290e-05 -5.829429237513552377e-05 -2.713464463042928191e-05 -9.767394410699948865e-04 5.013315470350360847e+00 3.665491539830370571e-02 -1.730349330103899419e+01 -5.334951871872303797e-02 -2.346314951564876239e+01
-4.704568654031245245e+00 -5.259116045648661378e-03 -6.369714226088897258e-01 7.273910031040759991e-05 -2.470039509752810998e-05 -6.650478447551941448e-06 -9.517852159368438408e-04 5.013288177431997283e+00 3.662510760471603816e-02 -1.749274542988081294e+01 -5.367984178211616941e-02 -2.347212289490416737e+01
-4.726522938220854897e+00 -5.280886425809636076e-03 -6.369980143146877216e-01 -1.321022303581940983e-04 -1.342169306152404037e-04 -5.673031826292287288e-05 -1.058905330924486340e-03 5.013078459992040159e+00 3.658105520264034322e-02 -1.768287203592304024e+01 -5.401294029044110406e-02 -2.348102236270515775e+01
-4.748417441347783097e+00 -5.280189359127464982e-03 -6.370043039900011861e-01 2.146200642742445385e-04 3.809857961513508654e-06 -1.053923305538649163e-04 -9.910127252567438663e-04 5.012941463096528771e+00 3.628764839357134092e-02 -1.787387158343596383e+01 -5.434526520537134864e-02 -2.348984718622398304e+01
-4.770269324165697711e+00 -5.257187031527169735e-03 -6.369611232935038503e-01 -3.159370602164668777e-07 5.989162984526339410e-05 -1.106360656058888068e-04 -8.086995541234581275e-04 5.013077197194919954e+00 3.603474554771453342e-02 -1.806574450743834959e+01 -5.467665099420893765e-02 -2.349859288277290048e+01
-4.791977519983696254e+00 -5.292434108431349343e-03 -6.368459980065487303e-01 1.356259931915721538e-05 -2.430238212269728254e-04 -2.483841998671780064e-06 -7.815841704664742593e-04 5.012916837061734299e+00 3.582312722153881135e-02 -1.825848433754211797e+01 -5.500908416914539883e-02 -2.350725924790065235e+01
-4.813670329312103036e+00 -5.293428488162660664e-03 -6.369210919166398144e-01 -1.883710267815970235e-05 1.159832848293136118e-05 2.340181927225266120e-05 -8.340900220205553061e-04 5.012720242974065599e+00 3.593962872796446772e-02 -1.845208875077804223e+01 -5.534345922750203567e-02 -2.351585007099565061e+01
-4.835253161529955435e+00 -5.314413650429754797e-03 -6.369282182555496830e-01 -6.811915425742295948e-05 1.326855330120264777e-04 1.074666076065752059e-04 -9.326147394032232316e-04 5.012860505102825215e+00 3.618411577694177761e-02 -1.864655577786505702e+01 -5.567855758386011655e-02 -2.352436782054456188e+01
-4.856780417576070263e+00 -5.246723648314815906e-03 -6.369149563201285114e-01 7.825013489952771029e-05 -4.532926835561133197e-05 1.089774727708644054e-04 -8.630050291361945642e-04 5.012882318352309241e+00 3.644320436934079394e-02 -1.884188087859344307e+01 -5.601257590874699627e-02 -2.353280921500638101e+01
-4.878271360921773159e+00 -5.137965690534786883e-03 -6.369773011530136531e-01 -2.819957557407733737e-05 -9.973032986566488932e-05 1.175328734619140157e-04 -8.164176967022419591e-04 5.012758332874401646e+00 3.669341439412571182e-02 -1.903806453606493676e+01 -5.634637741756248069e-02 -2.354117615105373673e+01
-4.899733659904181415e+00 -5.087214501270923700e-03 -6.368935758487066501e-01 1.046482873781397498e-04 -1.815358810013075808e-04 4.923727907914901466e-05 -6.541933163310263309e-04 5.012460035970777383e+00 3.688602780075638660e-02 -1.923510304015086447e+01 -5.667699125459604859e-02 -2.354946999393953533e+01
-4.921105916731064234e+00 -5.094174488412527360e-03 -6.368756599716959288e-01 6.207504530277673904e-05 1.391915115399105986e-04 -7.204166625884156649e-06 -4.675281878937971873e-04 5.012401494455127171e+00 3.691485211916816639e-02 -1.943299484324594673e+01 -5.700778299602481114e-02 -2.355768657086787599e+01
-4.942404755455771515e+00 -5.093952949037021394e-03 -6.369137924723639044e-01 5.164511157041550167e-05 -1.304497148073238569e-04 -1.601394465014567450e-07 -4.042961567412951341e-04 5.012542931556390080e+00 3.683958494873756234e-02 -1.963173640946191867e+01 -5.734062022198616049e-02 -2.356582911371587130e+01
-4.963639290324135978e+00 -5.068430659808765421e-03 -6.368725868499072185e-01 -1.425791683717933327e-04 1.805597643237633824e-04 1.157861694501433216e-05 -5.339904898923332173e-04 5.012499256746559162e+00 3.680095908126944371e-02 -1.983132524361249693e+01 -5.767158792804714940e-02 -2.357389683054718077e+01
-4.984826183277245804e+00 -5.036787609606322921e-03 -6.369055824493284890e-01 -1.675637155169805664e-04 -2.339265355935233042e-05 1.293821624487336258e-04 -9.214496420534024892e-04 5.012585768552917820e+00 3.694506354191096076e-02 -2.003176015536219268e+01 -5.800255141647617241e-02 -2.358188947693277981e+01
-5.005946053399623175e+00 -4.907417583632737480e-03 -6.369622672222277071e-01 -6.959833817685856646e-05 7.839344840603453208e-05 1.251932820571124267e-04 -1.039541612497404087e-03 5.012628381337913552e+00 3.725730532239840409e-02 -2.023303776666081433e+01 -5.833212984074286761e-02 -2.358981044175619957e+01
-5.027014220579843595e+00 -4.843886586078558452e-03 -6.369672680571237811e-01 2.302413479125559984e-06 2.572950367868406116e-05 1.806246766208821229e-04 -1.151742883021581506e-03 5.012861226720483288e+00 3.751381760108720570e-02 -2.043515521904880217e+01 -5.865880972760312978e-02 -2.359765846125483435e+01
-5.048028525707772829e+00 -4.774730915306886307e-03 -6.368995384404375626e-01 -5.171497051448198455e-05 -3.444649639000585666e-05 1.663855437876123923e-04 -1.092307390045947841e-03 5.012871226596938179e+00 3.794438367890305003e-02 -2.063811145399306923e+01 -5.898520217128945531e-02 -2.360543151859787159e+01
-5.069118672648905033e+00 -4.767387727350902264e-03 -6.368967475417360857e-01 1.474311342119792091e-04 6.825899634116355363e-05 1.501929336933394425e-04 -8.903106998394959845e-04 5.012892343471024859e+00 3.838845799761009259e-02 -2.084190600865375131e+01 -5.931246839644692403e-02 -2.361312938246590676e+01
-5.090118968929524534e+00 -4.767169971003092088e-03 -6.369862006339783722e-01 -9.160455082631751341e-05 1.341988409906466341e-05 1.349136539307720139e-04 -7.689303076420953096e-04 5.012955042241546089e+00 3.874662005239607604e-02 -2.104653962076372409e+01 -5.964150572200027645e-02 -2.362075456159737286e+01
-5.111084166592641864e+00 -4.635017744534128750e-03 -6.369822357840915217e-01 1.264833934456007132e-04 -1.735059059609668497e-04 1.477475385120979444e-04 -7.754569220368033502e-04 5.012818993863911388e+00 3.914793745479584752e-02 -2.125200951640352187e+01 -5.996916041288828658e-02 -2.362830975562118851e+01
-5.131903651610314476e+00 -4.530671281389559227e-03 -6.370110627049345720e-01 1.575531263784397235e-05 9.332606982301643527e-05 1.212844173281911150e-04 -6.783768320088737550e-04 5.012835513233850904e+00 3.939585037560366237e-02 -2.145831210971224223e+01 -6.029480598366317862e-02 -2.363579268496740937e+01
-5.152690383981102684e+00 -4.478332045674493500e-03 -6.370489382408414114e-01 -1.041170758487781922e-04 1.249054347184098404e-04 5.708800988822386560e-05 -7.943970123656101268e-04 5.013153642909483843e+00 3.971346751144320258e-02 -2.166544326736243420e+01 -6.061855563010402903e-02 -2.364320183315939161e+01
-5.173419374801816240e+00 -4.446311064865914389e-03 -6.369991804038181993e-01 -1.750963639377221273e-04 -1.646870304024076190e-04 -1.319645237709988345e-04 -1.130182041015705564e-03 5.013144706374279558e+00 3.967288512165034059e-02 -2.187340314480973547e+01 -6.094067838213242799e-02 -2.365053926883768298e+01
-5.193998468550374170e+00 -4.569480211644286194e-03 -6.369876229774700249e-01 6.744332998566201641e-05 -1.599080781691348489e-04 -2.725056829028964841e-04 -1.302918770703255904e-03 5.012712476187331845e+00 3.925684566363663031e-02 -2.208218513712831665e+01 -6.126598289242366630e-02 -2.365780338523632054e+01
-5.214633150312391052e+00 -4.565973702872383640e-03 -6.369284941131916344e-01 1.271326035199692314e-04 -3.801745564875705927e-05 -2.420032932568430106e-04 -1.142037409500878779e-03 5.012551209019854959e+00 3.866988715324995440e-02 -2.229178861142280610e+01 -6.159300155127232779e-02 -2.366499565220597390e+01
-5.235219066820454792e+00 -4.578308015884166061e-03 -6.369247112928927423e-01 9.526885710019277034e-06 3.623250186355210078e-07 -2.526348819101494080e-04 -9.226284762004038605e-04 5.012549844036826130e+00 3.819725230596170140e-02 -2.250221205955324777e+01 -6.191784078019664517e-02 -2.367211374690406345e+01
-5.255717380551839568e+00 -4.573218186759731366e-03 -6.369203676485837295e-01 -2.655167391069335984e-05 6.867273435213012620e-05 -3.320296535214929592e-04 -1.031996539114618050e-03 5.012633822974419395e+00 3.739720655856491188e-02 -2.271345395399412936e+01 -6.224028934226660814e-02 -2.367915938493269223e+01
-5.276210855296421087e+00 -4.628617895067143467e-03 -6.369472294532628753e-01 1.996523790853231149e-04 9.569943143457977294e-05 -3.366086898556382850e-04 -9.500971887952627424e-04 5.012867093979211930e+00 3.655568133199020575e-02 -2.292551387492131809e+01 -6.256148440121597765e-02 -2.368613339753069624e+01
-5.296583716751053217e+00 -4.800561735452293748e-03 -6.369598870486790076e-01 4.782780037973362151e-05 4.652478511187179973e-05 -3.095809037134505362e-04 -7.780977414668663675e-04 5.013072968416501851e+00 3.575844646018756096e-02 -2.313838757455537021e+01 -6.288522492308547263e-02 -2.369303774582905930e+01
-5.316868642705604664e+00 -4.822178912679876001e-03 -6.369304018035396586e-01 -3.847208213985905084e-06 4.567922105255070884e-05 -2.219519032371691574e-04 -7.948156823428894789e-04 5.013247103693458939e+00 3.505650888431994378e-02 -2.335207246118703850e+01 -6.320919938419207462e-02 -2.369986924454886790e+01
-5.337168754974372042e+00 -4.856243578951582526e-03 -6.369718986847536790e-01 -8.990492081483430619e-05 -2.509300390545747984e-04 -1.790673455300347179e-04 -9.335257606841447335e-04 5.013031533814865881e+00 3.461549694168972874e-02 -2.356656457153020767e+01 -6.353421657288518820e-02 -2.370663060726191773e+01
-5.357453060038201542e+00 -4.914529272551129181e-03 -6.368735326116523598e-01 1.259063417260420053e-05 -2.374989416018059884e-04 -1.969636491490404885e-04 -9.484624695228268277e-04 5.012496425992537752e+00 3.410217657686002990e-02 -2.378186518146920747e+01 -6.385889864759541901e-02 -2.371332168396772389e+01
-5.377645470383553672e+00 -4.956854569877619174e-03 -6.367821997872160633e-01 1.707993669633881863e-04 1.466466943733982491e-04 -3.037612629881914937e-04 -7.578596433535334746e-04 5.012350299215098559e+00 3.348238738420870192e-02 -2.399797139744718066e+01 -6.418415219286667528e-02 -2.371993847533076760e+01
