0.000000000000000000e+00 0.000000000000000000e+00 0.000000000000000000e+00 0.000000000000000000e+00 0.000000000000000000e+00 0.000000000000000000e+00 0.000000000000000000e+00 0.000000000000000000e+00 0.000000000000000000e+00 0.000000000000000000e+00 0.000000000000000000e+00 0.000000000000000000e+00 0.000000000000000000e+00
1.404515367661255620e+00 -1.753998201364334264e+00 1.215548708924674148e+00 2.693295728730331351e-03 7.241826449165081336e-02 6.419264531900091553e-02 9.466551274394874316e-01 -2.064832938465343548e-01 -2.417207389741436452e-01 -5.272384095082186667e-02 -3.732493372536770160e+00 -9.277310667643348552e+00 -2.000000000000000000e+00
2.532249885081849783e+00 9.797639036986429684e-01 -2.076833503509130097e-01 -2.711233941221972629e-02 5.055642450973146795e-03 -1.625380191195899618e-02 9.684861523575177822e-01 2.873766930210618770e-02 2.472951148189378445e-01 -7.337931691014590828e-03 -9.999387416312281118e+00 -1.106855839556597221e-01 -2.000000000000000000e+00
-1.392498512682288414e+00 -2.279022172686175907e-01 -1.010962618737842877e+00 -5.445247524410180839e-02 2.961162307546185216e-02 -2.950103872519488010e-03 9.387912809451862683e-01 2.397127693021015027e-01 -2.397127693021015027e-01 6.120871905481364839e-02 9.584634780266526377e+00 2.852152893676152434e+00 -2.000000000000000000e+00
3.318855507433477459e-01 -2.681281234211011277e+00 4.772068290815011937e-01 -1.760165207337622759e-02 2.357277427934574218e-02 -2.517746151383181558e-02 9.873131834770497717e-01 -6.182437515341421275e-03 1.586614890832159785e-01 9.935193399256470916e-04 -3.988640539179562072e+00 9.170100689153493079e+00 -2.000000000000000000e+00
3.184837748208613206e+00 -1.096417630589801462e+00 5.347426584765765933e-02 -6.622025440533534264e-03 -2.867289946653924990e-02 4.891426717804120416e-02 9.527168467161091225e-01 -2.432685500201388351e-01 1.764139760010529634e-01 4.504588356235065399e-02 7.602391711621809378e+00 -6.496432887597932471e+00 -2.000000000000000000e+00
-1.769955473921133171e-01 1.635805636976226829e+00 3.992193043256554441e-01 -2.713496861256753379e-02 2.938036146442375707e-02 7.013201437076092837e-02 9.732795546580977897e-01 -3.621276003684774369e-02 2.265931716376531901e-01 8.430839948533710645e-03 9.411994942386840535e+00 -3.378513164764131993e+00 -2.000000000000000000e+00
-2.565531133978372624e-01 7.698030313483961162e-01 3.388101883826945548e-01 -2.697717525940006474e-03 -4.461676653302096285e-02 1.105458444845928111e-02 9.533406663685576321e-01 -1.730111406619259939e-01 -2.434278373286904995e-01 -4.417699704925913406e-02 -7.642426947892007050e+00 -6.449287584387446870e+00 -2.000000000000000000e+00
1.085570426541624167e+00 7.360852278048801711e-01 1.782030957568034424e+00 -4.768484965218567490e-02 -1.895333504778122513e-02 4.220582561227273054e-04 9.441078751996281326e-01 -2.178338837996274258e-01 2.410703186933834119e-01 5.562212239643684469e-02 8.240700243016709337e+00 -5.664879478395312695e+00 -2.000000000000000000e+00
2.406446922190611293e+00 -3.760169833656602290e+00 2.550423760800806239e-01 2.047514603458614607e-02 -2.483896941280599666e-02 -2.755999589646390691e-02 9.812815409468543804e-01 -2.454647702122753766e-02 1.909481416119992725e-01 4.776513135875743409e-03 6.117212350287164924e+00 7.910734040624434193e+00 -2.000000000000000000e+00
-1.775760656992821096e-02 1.877955081596271114e+00 -3.271307984028958060e+00 3.452553082648685684e-02 -4.083535912399410828e-02 6.018418698644699416e-02 9.681764547846597457e-01 3.775756011442023968e-02 2.472160360456867878e-01 -9.641087940234834008e-03 -6.262577449955534448e+00 7.796160829748731480e+00 -2.000000000000000000e+00
-2.623971056740625585e+00 2.031191090469536054e+00 -5.944947327472323018e-01 -3.249731157715472774e-02 -4.385633139816132522e-03 -4.260740309696241235e-02 9.802806552545121344e-01 -1.544076379791695375e-01 -1.218192561017470837e-01 -1.918820237268343415e-02 5.181080297168044524e+00 8.553151872514428433e+00 -2.000000000000000000e+00
-3.211655326010238731e-01 -2.402280333366214382e+00 -1.635716358396709591e+00 1.811793428009059181e-02 -3.707011226921707453e-02 -1.559866310968530297e-02 9.688972046187419584e-01 5.430269530516330240e-03 2.474000736930410671e-01 -1.386575454670094460e-03 -7.182779257502418524e+00 -6.957562945313035208e+00 -2.000000000000000000e+00
-1.201589464190724765e+00 1.167921020857449976e+00 -1.293893532444724936e+00 2.076203749643596927e-02 -2.087781120450954431e-02 1.351714920516123956e-02 9.639377444849881460e-01 9.805766518931541276e-02 -2.461337156142692495e-01 2.503823261988892893e-02 6.943363306644747546e+00 -7.196506513020002771e+00 -2.000000000000000000e+00
-2.782662258640615782e+00 2.156425262310446289e+00 -1.695051376958164324e+00 -2.858977138089798323e-02 2.449521261905164907e-02 4.185655513467941014e-02 9.550924713251855991e-01 -1.630633378878761641e-01 -2.438751465719204148e-01 -4.163690597700529794e-02 -9.995894566000373516e+00 2.865167105147867210e-01 -2.000000000000000000e+00
8.405276896322574354e-01 -2.617064892880498927e+00 5.113930460225821761e-01 3.276994620827839572e-02 -4.049641807895464074e-02 6.614330383552284587e-02 9.694824427460896343e-01 -7.345448595281554860e-02 2.332294291035201250e-01 1.767102432029763262e-02 -9.779088268221487468e+00 2.090318789642590325e+00 -2.000000000000000000e+00
2.043645928504236764e+00 1.239703681562814408e+00 -1.398730970945754049e-01 1.500809304375057968e-02 3.449166453673758320e-02 -4.022980489728545696e-03 9.413241607252330612e-01 2.403595196913605458e-01 2.295650351863755823e-01 -5.861757712966393641e-02 -8.743590595161199630e+00 -4.852795431934940673e+00 -2.000000000000000000e+00
-7.621307932913876648e-01 -1.636940242616582664e+00 -8.691574100087281485e-01 -1.908649269786176494e-02 2.768013378155992701e-02 -5.939123828826720075e-02 9.387912809451862683e-01 -2.397127693021015027e-01 2.397127693021015027e-01 6.120871905481364839e-02 -8.377904431000517960e+00 -5.459919170191248838e+00 -2.000000000000000000e+00
-2.025721923806540481e+00 -6.106980137072148818e-01 2.521445226450761412e-01 6.950197116926921936e-02 1.878430346524016456e-02 -3.066128027805999079e-02 9.681420967997761418e-01 2.472072630118173353e-01 3.862850436295825474e-02 -9.863476517932942556e-03 5.299315593537512470e+00 8.480404131884881735e+00 -2.000000000000000000e+00
2.458679113421707196e+00 -1.291936144515980711e+00 2.471976142162378487e+00 -4.814368673349667810e-02 -8.769988629083989851e-02 1.073283663287925328e-02 9.930436851377999474e-01 3.194846442469149311e-02 1.132707156067276066e-01 -3.644175459832582533e-03 -9.810784375097096444e+00 1.936106904422039365e+00 -2.000000000000000000e+00
-4.126588793954344414e-01 -1.089375741881907445e+00 2.688097442578890606e-01 6.691665072029272243e-02 -2.770563920634204480e-03 5.370966815990977500e-02 9.972939133512002119e-01 -3.109795567183178816e-02 -6.658420778529511308e-02 -2.076251257959863417e-03 -7.548999559522131531e-01 -9.971465592203752948e+00 -2.000000000000000000e+00
-1.572199110809121336e+00 -2.427737786420959054e+00 -5.177721463124527190e-01 -7.480239732880250049e-03 -5.680177914900379904e-02 3.378527959756031512e-02 9.988177952811926330e-01 -3.874468141845398977e-02 2.933541531505315034e-02 1.137936594671694899e-03 -1.890177184857730897e+00 9.819736768867244336e+00 -2.000000000000000000e+00
-7.430158983878367707e-01 -1.180662831008702396e+00 8.683818483602772087e-01 8.671926041981792288e-02 -8.596903369794431371e-02 -2.668755170163946908e-02 9.747611345384230574e-01 1.549659285948985499e-01 1.587124615644782688e-01 -2.523184718230272669e-02 2.417335475158234992e+00 9.703426673116126722e+00 -2.000000000000000000e+00
-9.159895631779557679e-01 1.649752491646852004e+00 -8.144556721549146561e-01 5.206798439499446540e-02 1.167276842537635050e-02 -5.347050792077019665e-02 9.725972759059066108e-01 -2.288867168456160950e-01 -3.972423488396238656e-02 -9.348524746098383145e-03 -8.368077593287614135e+00 -5.474968254950686841e+00 -2.000000000000000000e+00
-2.467054428122882892e-01 -1.677611384225394131e+00 5.804401140882546883e-01 1.002798690132994906e-02 2.412776083253039341e-02 1.753105747241308007e-02 9.886270115559074867e-01 -1.254530903144750464e-01 -8.227486096737973709e-02 -1.044037381429353470e-02 9.987235908470932344e+00 5.050929702032943558e-01 -2.000000000000000000e+00
-6.012846415731918359e-01 6.512108072880796739e-01 -1.841607986410650488e-01 -8.154159620972738221e-02 -3.377515452062958279e-02 2.132804237478560985e-03 9.668927203415768057e-01 -2.468882448266523644e-01 6.252798010212508306e-02 1.596601456934734764e-02 1.035083067885796959e+00 9.946285891858131833e+00 -2.000000000000000000e+00
