3.145018520428735642e-01
2.147008871277899522e-01
1.342712884748798741e-01
1.668895749947763019e-01
1.441837382979894444e-01
9.871896486907860702e-02
1.432051101341290655e-01
1.545174742627669073e-01
1.389520601728323757e-01
1.881150887982462605e-01
8.922135892440030691e-02
1.778264883684309017e-01
2.990004369120657923e-01
1.708878727516927876e-01
1.232186825480136166e-01
1.217587021533582253e-01
2.418860747386243626e-01
8.452549030910462557e-02
1.983816191217523672e-01
1.686478250143172708e-01
1.416683914257520494e-01
2.041142905301592536e-01
1.829267183314955414e-01
1.483646438527924105e-01
1.476777339509936227e-01
