0.000000000000000000e+00 0.000000000000000000e+00 0.000000000000000000e+00 0.000000000000000000e+00 0.000000000000000000e+00 0.000000000000000000e+00 0.000000000000000000e+00 0.000000000000000000e+00 0.000000000000000000e+00 0.000000000000000000e+00 0.000000000000000000e+00 0.000000000000000000e+00 0.000000000000000000e+00
-2.384888846163440768e+00 -2.099491122814964028e-01 7.027266740346703733e-01 -1.516870767704967156e-02 3.395682825741537514e-02 7.440342861284748345e-04 9.534217859589495525e-01 -1.725635506242066686e-01 -2.434485505607498212e-01 -4.406270854910848689e-02 9.943573574777547108e+00 1.060822587893777591e+00 -2.000000000000000000e+00
1.391741838749122051e+00 2.698360088300563175e-01 -8.652806717857330909e-01 -1.958636827424986224e-02 -9.907207760851613823e-03 1.355792212911913902e-02 9.648070691839196744e-01 -2.463556906530593171e-01 -8.909882265171396865e-02 -2.275066455442103369e-02 9.864826747460128331e+00 1.638655925627833465e+00 -2.000000000000000000e+00
-1.512929803246706228e+00 1.471663831343227091e+00 -2.101440103546265981e+00 2.355026840707621222e-03 -4.174492064808915312e-03 -1.528275379842821725e-02 9.860541591461491340e-01 -1.659854097374501847e-01 -1.191699854415532826e-02 -2.006023571671828373e-03 9.667961528221928447e+00 2.555488189920025910e+00 -2.000000000000000000e+00
-6.129653699569290737e-01 2.386441696656818934e+00 1.906935032117542228e+00 6.668039688877643034e-02 3.990420568671882579e-02 2.727757817870427037e-02 9.590976056187890952e-01 1.375611276541884587e-01 -2.448978252571973879e-01 3.512512262055270118e-02 8.712555877323783449e+00 4.908296046950591851e+00 -2.000000000000000000e+00
-9.910905905375032576e-01 4.301693184520817836e-01 -2.211636913893531009e-01 -4.830143162633315085e-02 -3.828264793195405857e-02 -1.775322949089584018e-02 9.710711301923725669e-01 -1.346303600902208908e-01 1.953509687701792397e-01 2.708367126957278090e-02 8.905670382774955485e+00 -4.548520092663653536e+00 -2.000000000000000000e+00
7.112078310781833057e-01 -6.940218508596802671e-01 -1.056398274112244628e+00 1.331625368253206397e-02 1.709522452125738709e-02 2.090731224689631323e-02 9.999650523568787142e-01 -8.038357278428000588e-03 2.297506490032191415e-03 1.846882345823692471e-05 -2.754077964819315660e+00 -9.613274913560763579e+00 -2.000000000000000000e+00
1.286272363897703386e+00 1.777751768693012435e+00 2.164045886310242306e+00 2.414935311118230482e-02 -2.022536207489251947e-02 -2.968956429876342881e-02 9.574356740334779570e-01 1.486883016018612780e-01 2.444734644532661205e-01 -3.796635659411214114e-02 8.796620906451085853e-01 9.961234592473056537e+00 -2.000000000000000000e+00
-8.391625999857917073e-02 -3.620520904308184740e+00 -2.077350964349622409e+00 -7.846227617639786600e-02 5.338380997657544980e-02 3.649648848537154905e-02 9.685456464535697751e-01 2.665730070774107244e-02 2.473103061557250792e-01 -6.806726377281495897e-03 -9.855480660570171025e+00 -1.693960137998335114e+00 -2.000000000000000000e+00
5.897119123368219085e-02 -1.007260632349176177e+00 -1.245659391454511322e+00 -1.436392701581627566e-02 -1.474003215458157857e-02 8.549590209359871811e-04 9.425962680351080980e-01 -2.406843420158633895e-01 -2.242845434520017445e-01 -5.726924622521712555e-02 -3.818473664224557140e+00 9.242253993243394916e+00 -2.000000000000000000e+00
9.640419472016936719e-01 -2.849500391859056680e-01 2.866311606422914937e-01 -2.535550025095168955e-02 -4.294961136898131637e-02 1.461807369933864481e-02 9.964948863455957984e-01 6.051128127781434107e-02 5.765474037748317265e-02 -3.501033733123745488e-03 -9.558760649037578716e+00 -2.937702308677768048e+00 -2.000000000000000000e+00
1.664111961716608079e-01 -2.423361491501816456e-01 -1.769058826007473550e+00 -1.156916574382888946e-01 1.206438042040151176e-02 1.287278135259391741e-02 9.682647329614825216e-01 2.472385771649586172e-01 -3.542157320355958372e-02 9.044612554468480295e-03 5.475859085282754002e+00 8.367494683483601037e+00 -2.000000000000000000e+00
-7.090794909603054252e-01 5.280743066232078398e-02 -6.435405400723868130e-01 -1.192858849659348200e-02 2.133223506589312663e-03 -1.993318158988264741e-02 9.479011943427573250e-01 2.420389120911945469e-01 2.006853425359221010e-01 -5.124338092402410533e-02 9.535372579960457173e+00 -3.012751194728540138e+00 -2.000000000000000000e+00
-5.362112151348046307e-01 -1.576547893394816047e+00 -2.948141910282024991e-01 1.063107822861437263e-02 2.225174629001481011e-02 -7.614727608590664797e-03 9.887577611664154498e-01 -8.824670350602187296e-02 -1.202308736074594320e-01 -1.073061438525762731e-02 9.255894545360582981e+00 3.785289442719569131e+00 -2.000000000000000000e+00
-1.743488067055230850e+00 1.261884202476956651e-01 -8.079996259252881785e-01 -5.819412695417996995e-03 -4.318384434105922848e-03 7.470808442828906493e-02 9.800237199872871008e-01 -1.088610304540810342e-01 -1.654240984926137470e-01 -1.837530812425328813e-02 -4.541676507827872911e+00 8.909162390384654628e+00 -2.000000000000000000e+00
1.707257384583761084e+00 -8.857704233457699972e-02 -2.098557723679930653e+00 -1.049132574011751168e-02 -3.083686112407519817e-02 6.887942206142759483e-02 9.744218140499254499e-01 -1.171184127749376330e-01 -1.904246849378982698e-01 -2.288766172054471082e-02 -9.999888278099822614e+00 4.726971040471832086e-02 -2.000000000000000000e+00
9.466649122366441738e-01 -9.049225418847673952e-01 -2.683796949944905474e-01 -1.038662559789194778e-02 -3.306154522593610697e-03 -2.578829531518907377e-03 9.949942430011780026e-01 8.466622378091827328e-02 -5.289450602399775603e-02 4.500908538225202767e-03 -5.114419014162049137e+00 8.593178582316191694e+00 -2.000000000000000000e+00
-1.056114371291783094e+00 1.256124187322853913e+00 1.658442230255883221e+00 -6.506595518806881917e-02 -7.308158973924921975e-03 -7.332651791242864557e-03 9.977953153234179196e-01 4.703190585762501152e-02 -4.677230017971286541e-02 2.204650979027506473e-03 -6.818452705177636020e+00 7.314964299793662583e+00 -2.000000000000000000e+00
1.844825320708798788e+00 -4.488227927293464425e-01 1.943078205456839402e+00 3.377888348130990426e-02 6.541432418763873380e-02 -2.709602720546233634e-02 9.459404333302633416e-01 2.415382476072090168e-01 2.097331102523872781e-01 -5.355365531550799335e-02 -8.715204167580461458e+00 4.903592185060677622e+00 -2.000000000000000000e+00
-1.715465810566638272e+00 -5.591064650503025923e-01 9.746985918356616541e-01 3.558406331075349843e-02 4.274224023862408656e-02 -1.199203508136115724e-02 9.554517673342767248e-01 1.609447148650530457e-01 2.439668899051687934e-01 -4.109593270401452197e-02 7.256354198520380550e+00 6.880793831064526245e+00 -2.000000000000000000e+00
-6.995521598002130137e-01 2.470286085064667958e+00 -4.938179574513776315e-01 -3.108278852488795263e-02 -9.602495042352816521e-03 2.336950722525938523e-02 9.893081072109145557e-01 -9.219451451395234420e-02 1.125153180881685033e-01 1.048540394131238299e-02 -1.942984929726701004e+00 -9.809424527608891609e+00 -2.000000000000000000e+00
-1.868543888048066037e+00 1.496895556149647755e-01 2.102963489622039273e+00 3.165945998653735272e-02 9.150730177362700196e-03 6.622920305953737541e-02 9.568981152072786323e-01 1.521094279061752930e-01 -2.443362031498150511e-01 3.883991355739551538e-02 -5.622796413637042301e-01 -9.984179565938701373e+00 -2.000000000000000000e+00
1.019837392802671161e+00 7.768921871979923566e-01 9.606300406842440687e-01 2.541504870292556756e-02 3.970776672831769221e-04 -1.110143157995497655e-02 9.678176524254800128e-01 2.471244187619552057e-01 -4.604641787173997802e-02 1.175758080471674821e-02 -1.685590651307485865e+00 9.856915549817031774e+00 -2.000000000000000000e+00
-6.151874299493553799e-02 9.147360951594815104e-01 1.775854393618205712e-02 -5.838328281478549937e-03 5.258951406142559244e-03 -3.917760760717754753e-02 9.842572887097840173e-01 -1.644817288716354797e-01 -6.379418214070076143e-02 -1.066080738320893465e-02 2.713431079743638286e+00 -9.624826843921987063e+00 -2.000000000000000000e+00
-1.569927103606284291e+00 1.190121664383335887e+00 -1.707887032191560461e+00 4.298725780034739347e-02 -2.709261231103827355e-02 4.175090751922252985e-02 9.687167360438508901e-01 -2.473539925004083762e-01 1.947219180612210637e-02 4.972066866159739230e-03 -1.592323427858326701e+00 9.872411362027694537e+00 -2.000000000000000000e+00
1.780792582392715984e+00 -9.043113723808837712e-01 1.452498420617414909e-01 3.645193995089877209e-02 9.281922738387703153e-02 4.469427428932410198e-03 9.434872041363184803e-01 -2.409118353516316313e-01 -2.205066361273942677e-01 -5.630458811075682302e-02 -2.114157010204540832e+00 -9.773962355984547656e+00 -2.000000000000000000e+00
