-2.653562676699186551e-01 -2.111160906178016816e+01
-4.724522654322260706e-01 -2.112497346861165681e+01
-6.062078253865751387e-01 -2.114528783418813518e+01
-7.089282244125627575e-01 -2.117367929786896497e+01
-8.541107550198192566e-01 -2.120930383251485551e+01
-1.046487540750466350e+00 -2.125065171518901153e+01
-1.267454340658540790e+00 -2.129633584702729010e+01
-1.499207840637345024e+00 -2.134528172654712108e+01
-1.729526535045266433e+00 -2.139670679433913492e+01
-1.950734448134001875e+00 -2.145003092109483234e+01
-2.158068920645800137e+00 -2.150483532878939741e+01
-2.349073042667924938e+00 -2.156080750326298556e+01
-2.522583438251210897e+00 -2.161771310240451527e+01
-2.678615287037453108e+00 -2.167538871474533835e+01
-2.817558486953104513e+00 -2.173371685348463345e+01
-2.940038413157465946e+00 -2.179261221732578591e+01
-3.047051760285650612e+00 -2.185201916495490693e+01
-3.139962713297148156e+00 -2.191191131995026709e+01
-3.219700576214099108e+00 -2.197227278639489612e+01
-3.288089585974470541e+00 -2.203310589252272322e+01
-3.346084707594031649e+00 -2.209443077922728094e+01
-3.395006954270992861e+00 -2.215627718761564324e+01
-3.435659520011536738e+00 -2.221868065947268178e+01
-3.469203293897363150e+00 -2.228168538175325963e+01
-3.496417001062949836e+00 -2.234534488644253614e+01
-3.518230035854807092e+00 -2.240972718187002144e+01
-3.534774610591838062e+00 -2.247489055718308393e+01
-3.546715919452836374e+00 -2.254090208700317888e+01
-3.554517227951905056e+00 -2.260783196237702697e+01
-3.558679643905403811e+00 -2.267575624660734235e+01
-3.559730162912344120e+00 -2.274475609068678139e+01
-3.557867612929623835e+00 -2.281490886865074685e+01
-3.553204865071146301e+00 -2.288628675172104465e+01
-3.546119678457916091e+00 -2.295894935519473989e+01
-3.537021199067221122e+00 -2.303295230223175949e+01
-3.526487733739106734e+00 -2.310835930418038586e+01
-3.514442023240353041e+00 -2.318521665929323206e+01
-3.501746593859237588e+00 -2.326357933311630433e+01
-3.487957465180058669e+00 -2.334348998753047510e+01
-3.473486191943254031e+00 -2.342497311636841673e+01
-3.458487181870167682e+00 -2.350806321570928858e+01
-3.442958712197317972e+00 -2.359278048792386784e+01
-3.426867610971027656e+00 -2.367914138623241627e+01
-3.410490444287404443e+00 -2.376716510545506722e+01
-3.393767536684246355e+00 -2.385686504522732676e+01
-3.376846880668693984e+00 -2.394825357378327269e+01
-3.359624445309628449e+00 -2.404134065019540145e+01
-3.342208486068745543e+00 -2.413613142152954083e+01
-3.324695277702609530e+00 -2.423263326566659259e+01
-3.307360365994993945e+00 -2.433085143801323724e+01
-3.290193078937607485e+00 -2.443079643639661569e+01
-3.273265414249249439e+00 -2.453246815738608788e+01
-3.256873557577436795e+00 -2.463587021365503205e+01
-3.241022626179050015e+00 -2.474100234672764742e+01
-3.225738973906628448e+00 -2.484786296001576744e+01
-3.211275940265833295e+00 -2.495644627436960761e+01
-3.197771235395772127e+00 -2.506674898531523610e+01
-3.185291494647466859e+00 -2.517877063779702951e+01
-3.173751777430746657e+00 -2.529250436938570346e+01
-3.162830887530001522e+00 -2.540792872122582580e+01
-3.153072662235251400e+00 -2.552502968171289410e+01
-3.144011725193014417e+00 -2.564379337916397716e+01
-3.135946282081254921e+00 -2.576419312486973467e+01
-3.128562135457234383e+00 -2.588621312299887833e+01
-3.122020614888410428e+00 -2.600982718995496512e+01
-3.116336659104093076e+00 -2.613501138002797930e+01
-3.111199212307896644e+00 -2.626173686516027317e+01
-3.106484335305391031e+00 -2.638996990841827994e+01
-3.102441098385761542e+00 -2.651967592117516759e+01
-3.098959221570730449e+00 -2.665082324978569517e+01
-3.095789987087941508e+00 -2.678337367796905610e+01
-3.093114489688664648e+00 -2.691729130411040316e+01
-3.090839735909684638e+00 -2.705254241425667061e+01
-3.088751772809708918e+00 -2.718908041516115404e+01
-3.086980265470184115e+00 -2.732686486518607794e+01
-3.085470112448723157e+00 -2.746585720513178330e+01
-3.084153368925617311e+00 -2.760601286102199836e+01
-3.082927649027236150e+00 -2.774728935344506553e+01
-3.081919812587022189e+00 -2.788963939471086562e+01
-3.080936570877795599e+00 -2.803302110985766760e+01
-3.080167452564952058e+00 -2.817738392642736045e+01
-3.079404422634778538e+00 -2.832268676884568137e+01
-3.078815193381625015e+00 -2.846887543176053725e+01
-3.078348003005577205e+00 -2.861591576826704042e+01
-3.077796067418099746e+00 -2.876375407821659991e+01
-3.077525788242662763e+00 -2.891234725796084959e+01
-3.077175549156685452e+00 -2.906165375182858313e+01
-3.076939489253077920e+00 -2.921162493097141422e+01
-3.076798189382439652e+00 -2.936221971735008651e+01
-3.076643645021036821e+00 -2.951338762990652143e+01
-3.076315648875418418e+00 -2.966508565520462781e+01
-3.076381423663370640e+00 -2.981726901390955575e+01
-3.076281347305001024e+00 -2.996989962226631832e+01
-3.076279342712501474e+00 -3.012293276187147484e+01
-3.076213343265573830e+00 -3.027632808737454795e+01
-3.076216917091834535e+00 -3.043004243149024646e+01
-3.076299795694256378e+00 -3.058403892004670510e+01
-3.076248319499680584e+00 -3.073827521172025357e+01
-3.076276847474496812e+00 -3.089271619184065898e+01
-3.076230598996786636e+00 -3.104732452650162600e+01
-3.075897342823640468e+00 -3.120205754741665061e+01
-3.075577909441775670e+00 -3.135687732547878070e+01
-3.075102300173452985e+00 -3.151175085111488983e+01
-3.074688787418662361e+00 -3.166663829925294493e+01
-3.074024930616935158e+00 -3.182150855519846999e+01
-3.073063047822170102e+00 -3.197632346695068151e+01
-3.071916030490538407e+00 -3.213104305880899147e+01
-3.070511052304273569e+00 -3.228563336693419217e+01
-3.068893454917617003e+00 -3.244005855913535896e+01
-3.067244087074297187e+00 -3.259428813052522855e+01
-3.065194848480180312e+00 -3.274829315990224643e+01
-3.063105521580417712e+00 -3.290204353044033070e+01
-3.060772652979512731e+00 -3.305551052872948503e+01
-3.058229473013712951e+00 -3.320866492147422377e+01
-3.055456333876460651e+00 -3.336148033041482819e+01
-3.052395117294949056e+00 -3.351392925433393799e+01
-3.049143056593739853e+00 -3.366598682176442026e+01
-3.045562075463700058e+00 -3.381762270019730465e+01
-3.041951403143067445e+00 -3.396881935060775248e+01
-3.037870714444620646e+00 -3.411954778761425899e+01
-3.033566970313702704e+00 -3.426978488851116822e+01
-3.029281214693065216e+00 -3.441951216047543483e+01
-3.024663823424512898e+00 -3.456871476813910959e+01
-3.019709567820682672e+00 -3.471736706368924530e+01
-3.014483038446956975e+00 -3.486544363526454759e+01
-3.008995107391046808e+00 -3.501292825503226425e+01
-3.003154152609682548e+00 -3.515979989149453644e+01
-2.997341623110523212e+00 -3.530604280930246830e+01
-2.991104114438787320e+00 -3.545164146983744047e+01
-2.984865425043947695e+00 -3.559658230202876439e+01
-2.978363543437290151e+00 -3.574085288671628291e+01
-2.971736575672776937e+00 -3.588444136055473166e+01
-2.965077700500191593e+00 -3.602734259282165397e+01
-2.957908403247806017e+00 -3.616953967772958123e+01
-2.950600247265363851e+00 -3.631102007376082952e+01
-2.943114899879767599e+00 -3.645177418805142366e+01
-2.935431217317434172e+00 -3.659179040376381664e+01
-2.927468296905405332e+00 -3.673105767015381673e+01
-2.919345452038429656e+00 -3.686956636428033818e+01
-2.910909897331197094e+00 -3.700730945569059571e+01
-2.902388099484855655e+00 -3.714428055220216152e+01
-2.893619754983660641e+00 -3.728046980081104067e+01
-2.884591497990026010e+00 -3.741587275502395471e+01
-2.875477597058447188e+00 -3.755048218259407378e+01
-2.866112053355414080e+00 -3.768429254832123121e+01
-2.856929327111931372e+00 -3.781730406139696754e+01
-2.847438901445818349e+00 -3.794951773267936801e+01
-2.837767823216573060e+00 -3.808092635015875516e+01
-2.827886635770466395e+00 -3.821152767690385588e+01
-2.818016002495728589e+00 -3.834131849650673018e+01
-2.807812033794142348e+00 -3.847029462484371720e+01
-2.797666791373603967e+00 -3.859845673966219692e+01
-2.787454980488546230e+00 -3.872580851439980876e+01
-2.777158931741230852e+00 -3.885235101317417161e+01
-2.766513426583851132e+00 -3.897807895336955397e+01
-2.756019428050816789e+00 -3.910299529932931506e+01
-2.745374960823331101e+00 -3.922710425631034781e+01
-2.734703238528866986e+00 -3.935040986519937434e+01
-2.723759090535594840e+00 -3.947291198977383431e+01
-2.712506501562994998e+00 -3.959460215633342273e+01
-2.701289185752205224e+00 -3.971547858620873939e+01
-2.690240897236611861e+00 -3.983555517945717384e+01
-2.679139780093210632e+00 -3.995484077229048125e+01
-2.667875757584930785e+00 -4.007333299280475103e+01
-2.656616371493341955e+00 -4.019103794078154834e+01
-2.645327669353884747e+00 -4.030795973917444286e+01
-2.633712247568873011e+00 -4.042409766527324422e+01
-2.622455713725818427e+00 -4.053945895440397607e+01
-2.610951572734364401e+00 -4.065405105688375187e+01
-2.599442311912558701e+00 -4.076787747564940645e+01
-2.588017023953855578e+00 -4.088094540451682235e+01
-2.576499942066060811e+00 -4.099326100333796319e+01
-2.565109934003904524e+00 -4.110482875964132887e+01
-2.553777050250422676e+00 -4.121565975163111517e+01
-2.542154306452648171e+00 -4.132575808504880399e+01
-2.530884642974556620e+00 -4.143512637409223487e+01
-2.519433137750857643e+00 -4.154378205034402072e+01
-2.507880199274198585e+00 -4.165171886975967652e+01
-2.496521506352785025e+00 -4.175894660267560710e+01
-2.485152862225763037e+00 -4.186547810780231771e+01
-2.473851420410639879e+00 -4.197131364164687284e+01
-2.462536039993955761e+00 -4.207646283657188491e+01
-2.451271140392013326e+00 -4.218093464446145902e+01
-2.439902819246381416e+00 -4.228473323834908371e+01
-2.428680574388311086e+00 -4.238786797982556465e+01
-2.417489296508672059e+00 -4.249034187612303981e+01
-2.406527534364041543e+00 -4.259217357327744935e+01
-2.395469059982609838e+00 -4.269336575361619168e+01
-2.384533441763611705e+00 -4.279392528499479909e+01
-2.373617283092315233e+00 -4.289385753955181713e+01
-2.362707498061280997e+00 -4.299317022056214199e+01
-2.351618462088970407e+00 -4.309186654728061683e+01
-2.340689296943373243e+00 -4.318995275308436277e+01
-2.330046348336085593e+00 -4.328744048323606108e+01
-2.319532080759615145e+00 -4.338434127441869492e+01
-2.308752345042897058e+00 -4.348065909779957394e+01
-2.298201813810277994e+00 -4.357639612128547668e+01
-2.287716569542331158e+00 -4.367156525046026161e+01
-2.277162567709746011e+00 -4.376617239480098220e+01
-2.266839518552105304e+00 -4.386022389193087179e+01
-2.256456877286420859e+00 -4.395372728202142554e+01
-2.246146945463680655e+00 -4.404668436262295472e+01
-2.236044852043544306e+00 -4.413910867059498599e+01
-2.225998726952670204e+00 -4.423101187193725536e+01
-2.216034176448480331e+00 -4.432239519683205486e+01
-2.206122921520785152e+00 -4.441326846300724895e+01
-2.196481077289288653e+00 -4.450363943108950338e+01
-2.186852222251047806e+00 -4.459351835064915548e+01
-2.177353824219093514e+00 -4.468291511584985187e+01
-2.167586625883681339e+00 -4.477182656370452918e+01
-2.158149189820443237e+00 -4.486025930453976684e+01
-2.148904445927086293e+00 -4.494822674267750529e+01
-2.139594599703420474e+00 -4.503573826159052373e+01
-2.130215749883288989e+00 -4.512278957240392430e+01
-2.121283008803513059e+00 -4.520938964078760591e+01
-2.112294059875925001e+00 -4.529555439845291431e+01
-2.103455759609325071e+00 -4.538128772635579367e+01
-2.094509170016183308e+00 -4.546659541400185844e+01
-2.085793006667803429e+00 -4.555147783646725657e+01
-2.077223391390258467e+00 -4.563594573479709027e+01
-2.068540883061868119e+00 -4.572000301366736608e+01
-2.060136574353001571e+00 -4.580365632436347312e+01
-2.051623531143077273e+00 -4.588691212592534896e+01
-2.043282273256509463e+00 -4.596977123261805787e+01
-2.035010112742693167e+00 -4.605224776007541010e+01
-2.027078890187770099e+00 -4.613434806022567614e+01
-2.019143802191224246e+00 -4.621607914038268916e+01
-2.011081510734801459e+00 -4.629744314529581573e+01
-2.003243708363093845e+00 -4.637844085776126946e+01
-1.995457735757823814e+00 -4.645908289314299822e+01
-1.987557053951652275e+00 -4.653936959643705507e+01
-1.979800880148535835e+00 -4.661930304410810066e+01
-1.972238771819465830e+00 -4.669889152436295632e+01
-1.964762000131760278e+00 -4.677814570913529479e+01
-1.957299869022067318e+00 -4.685706437719593964e+01
-1.949936161790465805e+00 -4.693565554088192471e+01
-1.942815379198165049e+00 -4.701392500555858334e+01
-1.935722807039886195e+00 -4.709187840351147969e+01
-1.928552842313327353e+00 -4.716952046620230021e+01
-1.921433867738657320e+00 -4.724685100926657100e+01
-1.914522516506543148e+00 -4.732387006890942871e+01
-1.907614126952454026e+00 -4.740059201836952241e+01
-1.900577841495019848e+00 -4.747701138961200940e+01
-1.893791673309751289e+00 -4.755313450646622186e+01
-1.887141955001505167e+00 -4.762896521415147788e+01
-1.880882042671875309e+00 -4.770452187900485796e+01
-1.874201131317588809e+00 -4.777980090214229136e+01
-1.867901972504777630e+00 -4.785480230564365201e+01
-1.861766144166554726e+00 -4.792954014704594812e+01
-1.855405503425745284e+00 -4.800400831906070920e+01
-1.849210821677804484e+00 -4.807821411326977312e+01
-1.842992745583986292e+00 -4.815215700870911064e+01
-1.837076382338288516e+00 -4.822584336323565424e+01
-1.831092924436052760e+00 -4.829927955574047616e+01
-1.825214794345048075e+00 -4.837246973290837104e+01
-1.819343632217004680e+00 -4.844541548788411234e+01
-1.813565055223648637e+00 -4.851811645916070148e+01
-1.807520741932223007e+00 -4.859057313196598926e+01
-1.801816186647118068e+00 -4.866278566997362276e+01
-1.796164680661385571e+00 -4.873476345902493989e+01
-1.790650543072733303e+00 -4.880651126524521999e+01
-1.784979880964683963e+00 -4.887802828126623211e+01
-1.779577993608332243e+00 -4.894931747969879154e+01
-1.774067614811388527e+00 -4.902038574762237744e+01
-1.768674865491751902e+00 -4.909122862243576435e+01
-1.763408766486801227e+00 -4.916185651919919763e+01
-1.758393736356440806e+00 -4.923227385582040228e+01
-1.753232514285006705e+00 -4.930248382681027408e+01
-1.748065526618307830e+00 -4.937248258133206491e+01
-1.742745734148728243e+00 -4.944226991482411648e+01
-1.737768917301516503e+00 -4.951184877287354880e+01
-1.732683283098144900e+00 -4.958122569126314261e+01
-1.727665760838850595e+00 -4.965039575310798625e+01
-1.722744860130900779e+00 -4.971936650663346313e+01
-1.717961700895320742e+00 -4.978814290046047830e+01
-1.713141379313803281e+00 -4.985672571815072729e+01
-1.708410181508780212e+00 -4.992511737922968251e+01
-1.703654132370936436e+00 -4.999331852351227923e+01
-1.698941882728117525e+00 -5.006132998193314876e+01
-1.694374971724012413e+00 -5.012915575782965760e+01
-1.689679214671166996e+00 -5.019679783303172371e+01
-1.684951194388892182e+00 -5.026424934635067387e+01
-1.680370487414338143e+00 -5.033151610039547563e+01
-1.675926776910724225e+00 -5.039860235644349018e+01
-1.671389624770694082e+00 -5.046550793295153170e+01
-1.667006528003116994e+00 -5.053223910036405186e+01
-1.662726159746607202e+00 -5.059879626339787251e+01
-1.658202507685800908e+00 -5.066518158811045680e+01
-1.653696484982894566e+00 -5.073138352426255437e+01
-1.649397807071879996e+00 -5.079741253479635077e+01
-1.644905043367323794e+00 -5.086326452175079282e+01
-1.640749572212413021e+00 -5.092894980328962617e+01
-1.636486463314402728e+00 -5.099446755179142343e+01
-1.632368961754157910e+00 -5.105981724460405502e+01
-1.628090308687021093e+00 -5.112500044744747640e+01
-1.624047542501793950e+00 -5.119002107078839003e+01
-1.619936444033095446e+00 -5.125487978921281496e+01
-1.615869307221810436e+00 -5.131957536488135929e+01
-1.611708898251811739e+00 -5.138410739495989787e+01
-1.607725602750779803e+00 -5.144847835868420560e+01
-1.603529228564100739e+00 -5.151268869130719708e+01
-1.599343103736177163e+00 -5.157673165938967230e+01
-1.595564850899881426e+00 -5.164061898582743737e+01
-1.591749891021723373e+00 -5.170435611454837499e+01
-1.587748265550048110e+00 -5.176793799578538824e+01
-1.583910427922650355e+00 -5.183136601676412170e+01
-1.580087369821471244e+00 -5.189463956629428765e+01
-1.576193800486130447e+00 -5.195776184564865474e+01
-1.572249693670930926e+00 -5.202072929563880876e+01
-1.568339909416859967e+00 -5.208354077040000618e+01
-1.564505495562368065e+00 -5.214620129830854012e+01
-1.560874419826898896e+00 -5.220871257909158203e+01
-1.556982852057443134e+00 -5.227107815380391287e+01
-1.553193180168491727e+00 -5.233328702856226045e+01
-1.549550560714947789e+00 -5.239534975169897280e+01
-1.545707144199000238e+00 -5.245726384595453595e+01
-1.542089152244120909e+00 -5.251903149158121664e+01
-1.538440524079071281e+00 -5.258065556352350001e+01
-1.534628402079966092e+00 -5.264212799527142295e+01
-1.531038820539004197e+00 -5.270345577646817503e+01
-1.527376825255837289e+00 -5.276463919567267169e+01
-1.523670571606059676e+00 -5.282567835242701193e+01
-1.519794464542684409e+00 -5.288656386656519004e+01
-1.516167606525626654e+00 -5.294730277938530350e+01
-1.512401799430854510e+00 -5.300789505665966317e+01
-1.508994679690065732e+00 -5.306834466168232467e+01
-1.505487620939322646e+00 -5.312865605966901228e+01
-1.501874087427562010e+00 -5.318882823762949386e+01
-1.498263442091779307e+00 -5.324885492950090793e+01
-1.494817098203705008e+00 -5.330874084707388505e+01
-1.490984454574993956e+00 -5.336848146399134407e+01
-1.487462170113982740e+00 -5.342807787492371574e+01
-1.484057025501414273e+00 -5.348753687749729124e+01
-1.480450308104610535e+00 -5.354685561527760740e+01
-1.476968786288691771e+00 -5.360603109358623897e+01
-1.473632692433239688e+00 -5.366507210402067329e+01
-1.470198245395722303e+00 -5.372398085483838059e+01
-1.466838503384077841e+00 -5.378275214888159894e+01
-1.463299830187960726e+00 -5.384138707916957145e+01
-1.459832709070236767e+00 -5.389988206811815985e+01
-1.456314497799107377e+00 -5.395823563797802080e+01
-1.452755664887252163e+00 -5.401644882533225456e+01
-1.449327583398570152e+00 -5.407452262924298481e+01
-1.446000083445257101e+00 -5.413246333988902848e+01
-1.442692346833429617e+00 -5.419026880317364459e+01
-1.439054953194857767e+00 -5.424793939166618628e+01
-1.435515401819548176e+00 -5.430546630011314591e+01
-1.432249825686933598e+00 -5.436285596201903303e+01
-1.428597730942497535e+00 -5.442010520817856190e+01
-1.425188304555535801e+00 -5.447721736776456680e+01
-1.421837882457733349e+00 -5.453419119205194221e+01
-1.418308552984552273e+00 -5.459102913035990667e+01
-1.414813271903410774e+00 -5.464772641799067543e+01
-1.411438305673631044e+00 -5.470428790438071331e+01
-1.407932297843575764e+00 -5.476070870035297844e+01
-1.404486212859306749e+00 -5.481698990035138053e+01
-1.400972894795221801e+00 -5.487313131802554267e+01
-1.397656241379077624e+00 -5.492913644768432846e+01
-1.394357621320778007e+00 -5.498501071968859577e+01
-1.390876464384795286e+00 -5.504074857606941862e+01
-1.387277714884372903e+00 -5.509634676043871337e+01
-1.383835715902549612e+00 -5.515180078051454160e+01
-1.380337905166797663e+00 -5.520711894641678441e+01
-1.377070007742127622e+00 -5.526229937418027305e+01
-1.373551242460987032e+00 -5.531734531767147445e+01
-1.370189404476273909e+00 -5.537225044985912348e+01
-1.366911184252225464e+00 -5.542702427003226262e+01
-1.363455059699753891e+00 -5.548165966413360195e+01
-1.360014139751145823e+00 -5.553615858522705651e+01
-1.356720683048860288e+00 -5.559052145969179293e+01
-1.353456174262598344e+00 -5.564475308060841030e+01
-1.350175891547559459e+00 -5.569885446103261017e+01
-1.346868306041164587e+00 -5.575282350503487550e+01
-1.343628197393008650e+00 -5.580665935322976878e+01
-1.340384094851175156e+00 -5.586036718368138310e+01
-1.337092223828857396e+00 -5.591394585886451551e+01
-1.333832017286405769e+00 -5.596738969270693076e+01
-1.330519358802437324e+00 -5.602070273269841039e+01
-1.327279176459866372e+00 -5.607388338762925173e+01
-1.324077217119494554e+00 -5.612693329125526276e+01
-1.320922942006163003e+00 -5.617985775593832898e+01
-1.317587457804543005e+00 -5.623265245982341298e+01
-1.314186226268304170e+00 -5.628531030644752065e+01
-1.311084475164119967e+00 -5.633783835818636021e+01
-1.307820463701393265e+00 -5.639023935505289842e+01
-1.304458710388199938e+00 -5.644250455299425084e+01
-1.300962812608087216e+00 -5.649463396012211547e+01
-1.297538614415641112e+00 -5.654662324481968483e+01
-1.294222276416121975e+00 -5.659847674131249562e+01
-1.290709492335188280e+00 -5.665019452593771376e+01
-1.287264804877624069e+00 -5.670177299384475589e+01
-1.284119960047987341e+00 -5.675321916884310980e+01
-1.280755533656946721e+00 -5.680453386592935061e+01
-1.277354821835479770e+00 -5.685571280338087519e+01
-1.274020242817850201e+00 -5.690675652218596525e+01
-1.270555617742941568e+00 -5.695766388708674555e+01
-1.267105775275096491e+00 -5.700843052128049493e+01
-1.263728357173326211e+00 -5.705906086475487626e+01
-1.260343355181003266e+00 -5.710955680884691077e+01
-1.257014396006205681e+00 -5.715991628189585327e+01
-1.253787335657213342e+00 -5.721014421950919626e+01
-1.250585586676594918e+00 -5.726024499162463854e+01
-1.247242055629321111e+00 -5.731021372947753889e+01
-1.243790225649560544e+00 -5.736004755876438566e+01
-1.240617403013065889e+00 -5.740974364824946718e+01
-1.237149317510084279e+00 -5.745931165726173617e+01
-1.233904575198911058e+00 -5.750874312149381495e+01
-1.230519107649714838e+00 -5.755804019812197936e+01
-1.227353327182822529e+00 -5.760720879212534129e+01
-1.224046574682010835e+00 -5.765624449187895806e+01
-1.220835127750304006e+00 -5.770515127645128928e+01
-1.217607212338980727e+00 -5.775392592922298007e+01
-1.214306736037617185e+00 -5.780257131742018117e+01
-1.210988444028780586e+00 -5.785108293244426392e+01
-1.207768907047069629e+00 -5.789946509243938522e+01
-1.204604906507528606e+00 -5.794771952807784743e+01
-1.201144883259529061e+00 -5.799583949868938504e+01
-1.197785209286606589e+00 -5.804382164100608321e+01
-1.194570627470066704e+00 -5.809167188025600126e+01
-1.191354448317629711e+00 -5.813939434978634324e+01
-1.188116453986392651e+00 -5.818698749378179969e+01
-1.184894136378358276e+00 -5.823445183316880502e+01
-1.181741873897578010e+00 -5.828178969101399787e+01
-1.178540298969727784e+00 -5.832899873480168651e+01
-1.175199117454470477e+00 -5.837607599379889223e+01
-1.172020341967089152e+00 -5.842302179460175893e+01
-1.168700116750768014e+00 -5.846983768073609156e+01
-1.165423853620350947e+00 -5.851652234143150366e+01
-1.162378378114002020e+00 -5.856307984390615218e+01
-1.159133265423003767e+00 -5.860950828975919080e+01
-1.155876677626253901e+00 -5.865580838093315919e+01
-1.152738692926424724e+00 -5.870198331902903988e+01
-1.149501419074662190e+00 -5.874803167722608777e+01
-1.146145719783701722e+00 -5.879394410798961701e+01
-1.143082229891289270e+00 -5.883972617440620212e+01
-1.139993061952285780e+00 -5.888538638857163932e+01
-1.136633022829311335e+00 -5.893091752808366834e+01
-1.133343916373443117e+00 -5.897631595812384830e+01
-1.130041246927070864e+00 -5.902158395337111330e+01
-1.126812564494867219e+00 -5.906671662923793775e+01
-1.123596946308116351e+00 -5.911172366965465841e+01
-1.120499848447100710e+00 -5.915660392516841171e+01
-1.117246856473063099e+00 -5.920135635932970075e+01
-1.113865162588410396e+00 -5.924597506144235837e+01
-1.110736839226647010e+00 -5.929046338496780777e+01
-1.107597960566996553e+00 -5.933482515321986739e+01
-1.104274262285661168e+00 -5.937905938528232497e+01
-1.101022173354325728e+00 -5.942316227750090718e+01
-1.097694053921744795e+00 -5.946713280272312119e+01
-1.094579850675749366e+00 -5.951097308398628627e+01
-1.091463807787599105e+00 -5.955468881538876502e+01
-1.088231502158159225e+00 -5.959827709827542463e+01
-1.085004529582329402e+00 -5.964173787414966910e+01
-1.081959590835966045e+00 -5.968507097516549464e+01
-1.078768934434430227e+00 -5.972828028392873279e+01
-1.075541519764786180e+00 -5.977136119161796302e+01
-1.072350440205168232e+00 -5.981431775467617484e+01
-1.069102112266377969e+00 -5.985714117510159582e+01
-1.065949426292901236e+00 -5.989983684857647006e+01
-1.062892094770058637e+00 -5.994240889794441074e+01
-1.059611971955802145e+00 -5.998485174305609036e+01
-1.056537506110472036e+00 -6.002716866459520872e+01
-1.053325909563267437e+00 -6.006936212028998057e+01
-1.050169390806139580e+00 -6.011142605614082157e+01
-1.046923377631729934e+00 -6.015336173630421257e+01
-1.043857619265594172e+00 -6.019516949245355875e+01
-1.040710196192500270e+00 -6.023685533233810929e+01
-1.037363954050283477e+00 -6.027841084339638655e+01
-1.034084996647620658e+00 -6.031983382233136837e+01
-1.030915510456373196e+00 -6.036112918797176974e+01
-1.027698881178208623e+00 -6.040229546222435175e+01
-1.024752389668405428e+00 -6.044333946487686404e+01
-1.021634374376870102e+00 -6.048426233474552305e+01
-1.018406647111308017e+00 -6.052505731840722092e+01
-1.015379865166825990e+00 -6.056572494820387931e+01
-1.012341358895840759e+00 -6.060627315164099116e+01
-1.009232172372671377e+00 -6.064669791644862329e+01
-1.006381936772227537e+00 -6.068700474525839184e+01
-1.003311428912708969e+00 -6.072719357393344808e+01
-1.000057641868334235e+00 -6.076725453389666143e+01
-9.970143996721377855e-01 -6.080719214761803926e+01
-9.940739231115452990e-01 -6.084700510130679163e+01
-9.909196084288306450e-01 -6.088670071433045905e+01
-9.879606239558328395e-01 -6.092627047812817409e+01
-9.849340487942166433e-01 -6.096572115847954620e+01
-9.818698571689234988e-01 -6.100505173288459559e+01
-9.788366319466987875e-01 -6.104425976794088626e+01
-9.755972486779548314e-01 -6.108334263738978365e+01
-9.724479230829899956e-01 -6.112229916574898425e+01
-9.694492924089310737e-01 -6.116113157074358497e+01
-9.664622732401170202e-01 -6.119984353675594235e+01
-9.633950887138161834e-01 -6.123843434886681791e+01
-9.603596087958184979e-01 -6.127690393798527424e+01
-9.572114219003383662e-01 -6.131524941495254666e+01
-9.543427653054528115e-01 -6.135347519896551916e+01
-9.511204528718760765e-01 -6.139157870788394433e+01
-9.481362826844317304e-01 -6.142955647408110309e+01
-9.452794705910925188e-01 -6.146742151750667205e+01
-9.421568534746730395e-01 -6.150516373997085395e+01
-9.394020068380312116e-01 -6.154278891278985242e+01
-9.363874688676511182e-01 -6.158029732389954347e+01
-9.333619061983301490e-01 -6.161768818532998182e+01
-9.304131543217266653e-01 -6.165495914552009538e+01
-9.274867875211527668e-01 -6.169211190959028812e+01
-9.246371095556016328e-01 -6.172914965790182862e+01
-9.216246482755280356e-01 -6.176607149432077648e+01
-9.185496014874789950e-01 -6.180287065827788950e+01
-9.157025967748108064e-01 -6.183955036496148239e+01
-9.129005566718940701e-01 -6.187611960843752001e+01
-9.098869435850710508e-01 -6.191257129065152753e+01
-9.069328086424709445e-01 -6.194890419228205047e+01
-9.040942524624258070e-01 -6.198511908159656514e+01
-9.011452411513449778e-01 -6.202121919397634286e+01
-8.982822883649114187e-01 -6.205720467328199419e+01
-8.954519733218780919e-01 -6.209307670461034689e+01
-8.924378081408789187e-01 -6.212882851643509952e+01
-8.895975830376017246e-01 -6.216446507137711563e+01
-8.867226596378782189e-01 -6.219998620169628367e+01
-8.837268607328531145e-01 -6.223538895214390010e+01
-8.809777990663822944e-01 -6.227068001493174876e+01
-8.781287607110294102e-01 -6.230585638082470723e+01
-8.751359685794585230e-01 -6.234091786996355466e+01
-8.722502890696097744e-01 -6.237586305561406164e+01
-8.693328934801188845e-01 -6.241069122729308560e+01
-8.665746403941370080e-01 -6.244540638063341476e+01
-8.636809314850824038e-01 -6.248000900257626711e+01
-8.608581690559536925e-01 -6.251449739188498000e+01
-8.579182557521328745e-01 -6.254886900492596880e+01
-8.550772892383337043e-01 -6.258312394496906705e+01
-8.524174814224372287e-01 -6.261727159046968438e+01
-8.495233644392979899e-01 -6.265130930603252324e+01
-8.467354768987546132e-01 -6.268523096278243401e+01
-8.440049425260751637e-01 -6.271904346427858457e+01
-8.411660997377983229e-01 -6.275274352235621933e+01
-8.383588398501414796e-01 -6.278632992762376119e+01
-8.353551195274103724e-01 -6.281979903288493006e+01
-8.326639666066083523e-01 -6.285315604617450447e+01
-8.300461606367947054e-01 -6.288640788407452931e+01
-8.273101327091098023e-01 -6.291955207463256272e+01
-8.247184751159506444e-01 -6.295258985118433515e+01
-8.219294936406705832e-01 -6.298551851973149240e+01
-8.192068143651500822e-01 -6.301833941180736076e+01
-8.163649078389548785e-01 -6.305104829374861453e+01
-8.135987647502667119e-01 -6.308364337470638361e+01
-8.108619417348383873e-01 -6.311613015648727298e+01
-8.080600773193302722e-01 -6.314850618575272279e+01
-8.053183081875665561e-01 -6.318077167571501462e+01
-8.025614344659228738e-01 -6.321292717031530373e+01
-8.000269072363269673e-01 -6.324497636796677824e+01
-7.974815098071876829e-01 -6.327692425083897376e+01
-7.948470572660821798e-01 -6.330876811126054093e+01
-7.922411169115963769e-01 -6.334050713720615988e+01
-7.895060875545208967e-01 -6.337214044776883526e+01
-7.869321818859003059e-01 -6.340366704793812858e+01
-7.843933040949960800e-01 -6.343509225780928062e+01
-7.817492612651957273e-01 -6.346641243429746737e+01
-7.790830195571017969e-01 -6.349762483082843545e+01
-7.764529442771633816e-01 -6.352873448511162735e+01
-7.738278556308062495e-01 -6.355973912076720467e+01
-7.711480410616591286e-01 -6.359063576000156104e+01
-7.686223944234769068e-01 -6.362143221559597350e+01
-7.659268103028791241e-01 -6.365212162651493344e+01
-7.634313287132484804e-01 -6.368270727975589551e+01
-7.606315401920948904e-01 -6.371318449629414715e+01
-7.580488362806268032e-01 -6.374355784968928162e+01
-7.556211382406223809e-01 -6.377382813647047044e+01
-7.531076678160039117e-01 -6.380400023635016993e+01
-7.505968244982780258e-01 -6.383407187566734819e+01
-7.482183838253532171e-01 -6.386404728493909033e+01
-7.456403532613368190e-01 -6.389392421040687964e+01
-7.431129485495469034e-01 -6.392370022441338762e+01
-7.406755449934199209e-01 -6.395337571042529845e+01
-7.381025131900325054e-01 -6.398295148451185099e+01
-7.353879487439136664e-01 -6.401242036345333020e+01
-7.329624055378192171e-01 -6.404178833496527545e+01
-7.305954743162029752e-01 -6.407105756624318360e+01
-7.281077429776214860e-01 -6.410022974509485039e+01
-7.255531980301125339e-01 -6.412930053430483213e+01
-7.231426687918076635e-01 -6.415827305553628435e+01
-7.207796382766883392e-01 -6.418714990449633717e+01
-7.182228924778102375e-01 -6.421593112400222481e+01
-7.157048548201897509e-01 -6.424460752966336941e+01
-7.132951190676084519e-01 -6.427318951216624043e+01
-7.107701490102160680e-01 -6.430166927930568477e+01
-7.082945495344824538e-01 -6.433004944632052968e+01
-7.057749662068603103e-01 -6.435833038169147358e+01
-7.036019556312593792e-01 -6.438651829122269987e+01
-7.010912709542750365e-01 -6.441461241929620485e+01
-6.986136242536046259e-01 -6.444260628367214849e+01
-6.962590170158752256e-01 -6.447050427808559903e+01
-6.939026428422538917e-01 -6.449830879427105401e+01
-6.915448732774091001e-01 -6.452601753978279930e+01
-6.890894059159790030e-01 -6.455363054028131842e+01
-6.866585900158076461e-01 -6.458114455552032496e+01
-6.842676936785574426e-01 -6.460856397522107386e+01
-6.817026166592050629e-01 -6.463588394285918071e+01
-6.792206090469712354e-01 -6.466310423172808441e+01
-6.770427718908385017e-01 -6.469022843921345611e+01
-6.746294309204425854e-01 -6.471726163867396053e+01
-6.724184691417138815e-01 -6.474420325528863884e+01
-6.702269485672264215e-01 -6.477105688866453193e+01
-6.679755776057519912e-01 -6.479782239990184678e+01
-6.654591541585512804e-01 -6.482449164215989867e+01
-6.631017540562447188e-01 -6.485106316692350958e+01
-6.607348417560132692e-01 -6.487753953894471692e+01
-6.582894270855160768e-01 -6.490392042234030612e+01
-6.560190126690094159e-01 -6.493020683714843244e+01
-6.536170313445294200e-01 -6.495640072935370313e+01
-6.513173413957046298e-01 -6.498249932990401589e+01
-6.489498528703150360e-01 -6.500850316555586517e+01
-6.466336030319594919e-01 -6.503441431522236371e+01
-6.445284367750602206e-01 -6.506023775470087855e+01
-6.421080261240150744e-01 -6.508596949556189770e+01
-6.398218488445928109e-01 -6.511160961817429893e+01
-6.375883090545032550e-01 -6.513715907996348164e+01
-6.352043625198136034e-01 -6.516261713944987832e+01
-6.330062473762536612e-01 -6.518798006996905769e+01
-6.309408613494625895e-01 -6.521326065204445399e+01
-6.288009299754226955e-01 -6.523845632394250060e+01
-6.266250291271492356e-01 -6.526356509950808515e+01
-6.245246096083054699e-01 -6.528858826406556659e+01
-6.223744963329793656e-01 -6.531352547953228793e+01
-6.202195377024537493e-01 -6.533837774753951066e+01
-6.182651841885992150e-01 -6.536315073510986906e+01
-6.161056236008256581e-01 -6.538784076289337577e+01
-6.138080681159100438e-01 -6.541243924958835976e+01
-6.116258288609789373e-01 -6.543695039831941074e+01
-6.093508614447116223e-01 -6.546137086890190915e+01
-6.072791180627634677e-01 -6.548570261250164037e+01
-6.050408357815889593e-01 -6.550994911740835391e+01
-6.029917475438252294e-01 -6.553410976715457537e+01
-6.008607620416228645e-01 -6.555818762434724079e+01
-5.987428252173842003e-01 -6.558218142479523749e+01
-5.967295963656061852e-01 -6.560609197648969371e+01
-5.946766439962996031e-01 -6.562991944207469430e+01
-5.925363914316535974e-01 -6.565366486604661134e+01
-5.903928232757088557e-01 -6.567732272495159407e+01
-5.883367848310158132e-01 -6.570089853583172612e+01
-5.862598783020934734e-01 -6.572439324351266521e+01
-5.842243557860399283e-01 -6.574780262763866290e+01
-5.819794021558736263e-01 -6.577112779222731831e+01
-5.799318880392422271e-01 -6.579436810428664728e+01
-5.778366394954235208e-01 -6.581752497993332440e+01
-5.758070389248234333e-01 -6.584059814903415031e+01
-5.739122489216826883e-01 -6.586359176681368410e+01
-5.719477865414316353e-01 -6.588650824183575594e+01
-5.700020711832434195e-01 -6.590934790074300054e+01
-5.682708206029685183e-01 -6.593211364646045070e+01
-5.664473411839806571e-01 -6.595480912348175195e+01
-5.644446392986645078e-01 -6.597742745597895464e+01
-5.625058379028019528e-01 -6.599996785502212049e+01
-5.606006407873173059e-01 -6.602243082802215213e+01
-5.586276207376861258e-01 -6.604481595406271310e+01
-5.567647796899906076e-01 -6.606712495391509776e+01
-5.549603149956960912e-01 -6.608935920627189375e+01
-5.529906864321139093e-01 -6.611152066746495848e+01
-5.509980962596578991e-01 -6.613360013073983623e+01
-5.490133473864120539e-01 -6.615560017282153638e+01
-5.470894974331519389e-01 -6.617752292809242931e+01
-5.451430256566931476e-01 -6.619936762172595479e+01
-5.432865627563618904e-01 -6.622113665549082384e+01
-5.412266080028320658e-01 -6.624282743241847982e+01
-5.391876190947492153e-01 -6.626443667178726571e+01
-5.372573487915789370e-01 -6.628596397648382776e+01
-5.353873597090190728e-01 -6.630741646683907220e+01
-5.336176107498098453e-01 -6.632879772982226996e+01
-5.318274037497565665e-01 -6.635010752244116361e+01
-5.298581152401818928e-01 -6.637134034402582472e+01
-5.279655978772374025e-01 -6.639249715301438926e+01
-5.260781196875258248e-01 -6.641357493115582145e+01
-5.244045305202770235e-01 -6.643458482281788235e+01
-5.226494452458632090e-01 -6.645552725680859396e+01
-5.207778312525012110e-01 -6.647639503864996868e+01
-5.189834118950840125e-01 -6.649719126284296067e+01
-5.170492331067253478e-01 -6.651791395171230192e+01
-5.150909667177917539e-01 -6.653855604504308019e+01
-5.132719354735532091e-01 -6.655912442569700715e+01
-5.113398438758027797e-01 -6.657961776717331759e+01
-5.097312842943891864e-01 -6.660003819291517857e+01
-5.080320155302622265e-01 -6.662039447048900342e+01
-5.063609448357868636e-01 -6.664068224323359857e+01
-5.045365189650976578e-01 -6.666089880469485252e+01
-5.026839565425664791e-01 -6.668104581947771692e+01
-5.008494332712011277e-01 -6.670111610494448939e+01
-4.990459654045091842e-01 -6.672111252388405944e+01
-4.973165480718526044e-01 -6.674103935408798804e+01
-4.954292233059570116e-01 -6.676089367569548472e+01
-4.935293894955506411e-01 -6.678067262431183337e+01
-4.917359446078312102e-01 -6.680037956905272267e+01
-4.901444899506145481e-01 -6.682001866524156242e+01
-4.884034608802325650e-01 -6.683958922344541520e+01
-4.866417639516197324e-01 -6.685908997007223320e+01
-4.848850759111295039e-01 -6.687852129633232323e+01
-4.831443015668440144e-01 -6.689788113462347496e+01
-4.815074245173137091e-01 -6.691717640477489226e+01
-4.795725940942741072e-01 -6.693639892730323027e+01
-4.778012002500013344e-01 -6.695554696704049036e+01
-4.760006197609421563e-01 -6.697462260061026029e+01
-4.743618359409115248e-01 -6.699362953331323922e+01
-4.727588890873583582e-01 -6.701257284819546101e+01
-4.710894042689127148e-01 -6.703145006773435455e+01
-4.691793902314857490e-01 -6.705025568235343769e+01
-4.674439430487272729e-01 -6.706898697558126798e+01
-4.658004441822760633e-01 -6.708765229872514624e+01
-4.641315719651459282e-01 -6.710625104992922729e+01
-4.625728202885872609e-01 -6.712478701474975651e+01
-4.607947216773773391e-01 -6.714325605954981313e+01
-4.590153093591979871e-01 -6.716165302959133498e+01
-4.575177387028642184e-01 -6.717998468293487235e+01
-4.557612727472575842e-01 -6.719825154550980528e+01
-4.541097712705718381e-01 -6.721644750289657111e+01
-4.523818692034977662e-01 -6.723457973838911528e+01
-4.507417484022003262e-01 -6.725264266141304859e+01
-4.492439931759767968e-01 -6.727064182693112571e+01
-4.477301793441063604e-01 -6.728858430971760640e+01
-4.460316599638888269e-01 -6.730645959486460583e+01
-4.443151564655614116e-01 -6.732426778361433151e+01
-4.427386917403282607e-01 -6.734200908792014673e+01
-4.412107180652086735e-01 -6.735968836807697357e+01
-4.396482642933245422e-01 -6.737730641321047642e+01
-4.381279767493998500e-01 -6.739486234962249966e+01
-4.365879028242490856e-01 -6.741235621834522362e+01
-4.349616165293953562e-01 -6.742978883872658002e+01
-4.334848061887062731e-01 -6.744715911132223596e+01
-4.318888253154103962e-01 -6.746446633327775544e+01
-4.304198963320428617e-01 -6.748171370655749968e+01
-4.287131841650874686e-01 -6.749889627357492827e+01
-4.272143647317032666e-01 -6.751601624626044895e+01
-4.256393645508583234e-01 -6.753307357722792403e+01
-4.241717557034188624e-01 -6.755007030248168576e+01
-4.226439177193938024e-01 -6.756700959700023645e+01
-4.211753834209221448e-01 -6.758388625413054740e+01
-4.196353095792152987e-01 -6.760070216666196075e+01
-4.181382940701363626e-01 -6.761745816231804440e+01
-4.167223029116677302e-01 -6.763415657578893558e+01
-4.152582247500207768e-01 -6.765079609617528433e+01
-4.136863559997876472e-01 -6.766737503525729380e+01
-4.119976677378761609e-01 -6.768389066156784395e+01
-4.103738653668385084e-01 -6.770033630404654446e+01
-4.088334966637594547e-01 -6.771672044431137749e+01
-4.072717550387525698e-01 -6.773304390349332493e+01
-4.059277896063682722e-01 -6.774930925142201943e+01
-4.043600267946565463e-01 -6.776551640978256330e+01
-4.028242810234202720e-01 -6.778165916104083522e+01
-4.013980255535642971e-01 -6.779774453756566288e+01
-4.000816103429037929e-01 -6.781377304559639185e+01
-3.985928407291272624e-01 -6.782974415775750288e+01
-3.971168360611566084e-01 -6.784566017841873986e+01
-3.956574047609340838e-01 -6.786151317399668415e+01
-3.940341830791079802e-01 -6.787730789399219589e+01
-3.926052656911981353e-01 -6.789304022196249377e+01
-3.910518835972887075e-01 -6.790871217596196630e+01
-3.895987976975566203e-01 -6.792432810755192918e+01
-3.883138812089713676e-01 -6.793988458707700318e+01
-3.870134530318209420e-01 -6.795539160699171077e+01
-3.854687867979470495e-01 -6.797084132222882147e+01
-3.842722006514304178e-01 -6.798623702976655636e+01
-3.826522367390287060e-01 -6.800157527849106032e+01
-3.813589775157789075e-01 -6.801685487280967379e+01
-3.800064112876477274e-01 -6.803208458499057087e+01
-3.786077535095719870e-01 -6.804725841427467969e+01
-3.772050561662245172e-01 -6.806237230836700292e+01
-3.758012188643394258e-01 -6.807743087800763249e+01
-3.745867042434480876e-01 -6.809243571185942301e+01
-3.731411301975275374e-01 -6.810738918528673480e+01
-3.717621815478081015e-01 -6.812228754986095680e+01
-3.704665313734823440e-01 -6.813713114333116039e+01
-3.690723707052120939e-01 -6.815192070612137343e+01
-3.676994651045925599e-01 -6.816665646296623038e+01
-3.663842703425109204e-01 -6.818133992956512657e+01
-3.649308724835536588e-01 -6.819596528657552881e+01
-3.635726940656615613e-01 -6.821053572994306080e+01
-3.621684877598338459e-01 -6.822505128958529497e+01
-3.607634507363650656e-01 -6.823951054158175111e+01
-3.593014970436036459e-01 -6.825391014975492965e+01
-3.579597959808166197e-01 -6.826825802986864744e+01
-3.566556203492790567e-01 -6.828255106120138862e+01
-3.554976666682056474e-01 -6.829679307308089165e+01
-3.542156896728184123e-01 -6.831098761231237404e+01
-3.529156537264028781e-01 -6.832512860639378971e+01
-3.516253066515802606e-01 -6.833921877886483287e+01
-3.503523054283904092e-01 -6.835326037726886739e+01
-3.491361556889642781e-01 -6.836724999216554011e+01
-3.478360020633411431e-01 -6.838118863122541313e+01
-3.467040002394690679e-01 -6.839508029057212468e+01
-3.456675676984202750e-01 -6.840892614447560049e+01
-3.443168959950557717e-01 -6.842272452023982510e+01
-3.429373038823632092e-01 -6.843647035910311160e+01
-3.416977855360424088e-01 -6.845016444161869629e+01
-3.404006089592005457e-01 -6.846380653917795200e+01
-3.391712051826459295e-01 -6.847739758128258813e+01
-3.378694843688915261e-01 -6.849093747995308945e+01
-3.363896224117053357e-01 -6.850442264089734579e+01
-3.352699008002468783e-01 -6.851785562845600452e+01
-3.340615085069216783e-01 -6.853124250527974937e+01
-3.329978024479972043e-01 -6.854458394963710077e+01
-3.317404734509135644e-01 -6.855787786034827036e+01
-3.307125132191559014e-01 -6.857112696808864882e+01
-3.294389300472892468e-01 -6.858432957731159263e+01
-3.283858844028832435e-01 -6.859748579329132667e+01
-3.272954335134616866e-01 -6.861059837633074210e+01
-3.261435640570695682e-01 -6.862366650788717948e+01
-3.249639604803623572e-01 -6.863668811701899131e+01
-3.237507245421155644e-01 -6.864966348819943676e+01
-3.226506782570259801e-01 -6.866259210110560218e+01
-3.214145451428026545e-01 -6.867547229058928338e+01
-3.203438794275787482e-01 -6.868830733650602838e+01
-3.192819051417402632e-01 -6.870109758734015770e+01
-3.182936556710054266e-01 -6.871384798670696625e+01
-3.171066079249790226e-01 -6.872655689898712694e+01
-3.158743258456430669e-01 -6.873921621816039362e+01
-3.147244780647612261e-01 -6.875182760114662983e+01
-3.136401683290610531e-01 -6.876439536070530778e+01
-3.125871714739109630e-01 -6.877692060909713234e+01
-3.112135327229832993e-01 -6.878939614402497682e+01
-3.102032378323112960e-01 -6.880182294512687236e+01
-3.087493876743749310e-01 -6.881420066023883919e+01
-3.074896163995407550e-01 -6.882652459288587465e+01
-3.063123032465835394e-01 -6.883879978372503672e+01
-3.051315841472355683e-01 -6.885102924256702295e+01
-3.039102740688752746e-01 -6.886320909761913356e+01
-3.029237460954345429e-01 -6.887534354052633034e+01
-3.019728945266398346e-01 -6.888744277638663505e+01
-3.008269122352665303e-01 -6.889949991079326708e+01
-2.996885185154538056e-01 -6.891150973144520719e+01
-2.987226202044194756e-01 -6.892347964744077160e+01
-2.976375905981881731e-01 -6.893540599053233109e+01
-2.965741991140797285e-01 -6.894728994560463775e+01
-2.955283972429788020e-01 -6.895913086488971544e+01
-2.942010997688917495e-01 -6.897092511962300421e+01
-2.930434763405846410e-01 -6.898267160266281905e+01
-2.918357193872077038e-01 -6.899436785093286062e+01
-2.907118121027694735e-01 -6.900601818314558500e+01
-2.896562126196036147e-01 -6.901762577024618395e+01
-2.886685288573601071e-01 -6.902919234023784156e+01
-2.876066550746815276e-01 -6.904071748902852335e+01
-2.865670843004992085e-01 -6.905220302810742794e+01
-2.854334282330567296e-01 -6.906364490137119105e+01
-2.844784712749611755e-01 -6.907504587216183722e+01
-2.834380393875866599e-01 -6.908640630627094481e+01
-2.825269234958840414e-01 -6.909772565394899857e+01
-2.816043502232972728e-01 -6.910900860751304720e+01
-2.806884731164520086e-01 -6.912025509342412022e+01
-2.795509441812134011e-01 -6.913145903775968293e+01
-2.784249486080421776e-01 -6.914262100010063250e+01
-2.774376051509015451e-01 -6.915373708709020661e+01
-2.765068995850742950e-01 -6.916481738918491828e+01
-2.753389872333225630e-01 -6.917585417168375272e+01
-2.742489318251131181e-01 -6.918684574495961215e+01
-2.731267254315862814e-01 -6.919779479090416885e+01
-2.721366083074489572e-01 -6.920870042593897153e+01
-2.710274281450322786e-01 -6.921956317968211181e+01
-2.699915747662050003e-01 -6.923038256420309722e+01
-2.688600874863070200e-01 -6.924116045481885351e+01
-2.679511808267545647e-01 -6.925189502977009681e+01
-2.670435424144978476e-01 -6.926259677445894170e+01
-2.659265374348424027e-01 -6.927325594861012803e+01
-2.650837240704896347e-01 -6.928387548554614739e+01
-2.642903325613681909e-01 -6.929446188777204441e+01
-2.632685076386752643e-01 -6.930501311631047656e+01
-2.622683840229870778e-01 -6.931552447680185480e+01
-2.613067024905704749e-01 -6.932599728871306866e+01
-2.602604251033159288e-01 -6.933642907897284147e+01
-2.593623020016321279e-01 -6.934682023557947161e+01
-2.582088026219828136e-01 -6.935717183590745094e+01
-2.573481870278559458e-01 -6.936748208525298764e+01
-2.563650817297569717e-01 -6.937775706729512137e+01
-2.555696248353529487e-01 -6.938799672741070879e+01
-2.545840544288179297e-01 -6.939820230788744482e+01
-2.535112185562777287e-01 -6.940836191450279102e+01
-2.526612452052091617e-01 -6.941848603153782449e+01
-2.518424469136212318e-01 -6.942857623534315792e+01
-2.509043815254842769e-01 -6.943862988718358054e+01
-2.500073223868481964e-01 -6.944864846542282066e+01
-2.491192810015577241e-01 -6.945863187114136394e+01
-2.481889433759770225e-01 -6.946857766465872430e+01
-2.473866184961526771e-01 -6.947848915858865837e+01
-2.464551611330450531e-01 -6.948836589000853792e+01
-2.455388820048401977e-01 -6.949820328740185005e+01
-2.448925822163895150e-01 -6.950801208038083701e+01
-2.438629541547645552e-01 -6.951778679287723151e+01
-2.430065083757918243e-01 -6.952752482971047243e+01
-2.420865352128649672e-01 -6.953722719225119420e+01
-2.411792138300118682e-01 -6.954689298242169571e+01
-2.403626064828984776e-01 -6.955652393119902399e+01
-2.397106139099706990e-01 -6.956612489175935821e+01
-2.387228641275929708e-01 -6.957569520558891440e+01
-2.378698210259194423e-01 -6.958522602630233678e+01
-2.368990062018221654e-01 -6.959472074845693612e+01
-2.361202907930912143e-01 -6.960418250458333489e+01
-2.352066666512592497e-01 -6.961360721266161988e+01
-2.341005798222468015e-01 -6.962299362113729728e+01
-2.332344827497074002e-01 -6.963233977681274212e+01
-2.323812236397718167e-01 -6.964165122271764119e+01
-2.316977919571332201e-01 -6.965093468229842699e+01
-2.306554599964267815e-01 -6.966018247828436927e+01
-2.296816356718336394e-01 -6.966938863627258627e+01
-2.287767061930632284e-01 -6.967855901959130449e+01
-2.278507210609483080e-01 -6.968768956871265630e+01
-2.269588391948831052e-01 -6.969678642905623178e+01
-2.259742336778567395e-01 -6.970584546329261855e+01
-2.251653531248507534e-01 -6.971487037411299070e+01
-2.243420219671172222e-01 -6.972386044986369313e+01
-2.234734544571077841e-01 -6.973281706421555270e+01
-2.226671572967964807e-01 -6.974174024280932827e+01
-2.217057863527099881e-01 -6.975062803563567115e+01
-2.209648407180366814e-01 -6.975948242742829564e+01
-2.200063677688605668e-01 -6.976830360677357135e+01
-2.191030727665025657e-01 -6.977708562597887010e+01
-2.182928992737545870e-01 -6.978583409848948804e+01
-2.173310736111819796e-01 -6.979454545127332210e+01
-2.166201836195750241e-01 -6.980322363279886133e+01
-2.157777030098627646e-01 -6.981187084382213470e+01
-2.148859842835444400e-01 -6.982048508784237129e+01
-2.140640997705864634e-01 -6.982906322364237894e+01
-2.134048139963850566e-01 -6.983761342717407672e+01
-2.127357796668646606e-01 -6.984613717574598013e+01
-2.118739938752875751e-01 -6.985462710456339153e+01
-2.110116448447216242e-01 -6.986308381706359683e+01
-2.101366920156333695e-01 -6.987150755123802526e+01
-2.093400957381515159e-01 -6.987989586231149985e+01
-2.084833967381747033e-01 -6.988825293156349971e+01
-2.076634450547597266e-01 -6.989657621054304570e+01
-2.069407739648484179e-01 -6.990486697450245401e+01
-2.062248237750171909e-01 -6.991313062022727820e+01
-2.053930411469105932e-01 -6.992136440305931444e+01
-2.046996589649640597e-01 -6.992956439745790931e+01
-2.040334990162724627e-01 -6.993773951669797384e+01
-2.032374266653925732e-01 -6.994588325444505017e+01
-2.024934526829510750e-01 -6.995399920786623227e+01
-2.018049471090953284e-01 -6.996208490279676084e+01
-2.011866504220268248e-01 -6.997014348492054125e+01
-2.004981212283713232e-01 -6.997817715476440981e+01
-1.998590498647650482e-01 -6.998618635374434405e+01
-1.991370657043639858e-01 -6.999416671245607802e+01
-1.986373906529897981e-01 -7.000211915099906435e+01
-1.979102922635608552e-01 -7.001004999214646318e+01
-1.970631078488181420e-01 -7.001795040045008989e+01
-1.962008780704115329e-01 -7.002581575006369974e+01
-1.955028629241091220e-01 -7.003365000027676501e+01
-1.948996913943274178e-01 -7.004145873242370612e+01
-1.941295355765659536e-01 -7.004923710311298635e+01
-1.933510250147061904e-01 -7.005698800824966099e+01
-1.925135068714296516e-01 -7.006470455215604431e+01
-1.916426731423808150e-01 -7.007238905514469707e+01
-1.908114532887757731e-01 -7.008003961589417941e+01
-1.900582767999176581e-01 -7.008765715982100630e+01
-1.894954072740055451e-01 -7.009524972684121735e+01
-1.886394165853979010e-01 -7.010281171861201699e+01
-1.877943913187317404e-01 -7.011033873597119737e+01
-1.871003312805338825e-01 -7.011783639187545702e+01
-1.862753111002672934e-01 -7.012530195682413137e+01
-1.854494801048517383e-01 -7.013273382252261001e+01
-1.846221849255315073e-01 -7.014013479272318818e+01
-1.840852410514561277e-01 -7.014750698489507386e+01
-1.833476725332572055e-01 -7.015485668239470840e+01
-1.826207288068761869e-01 -7.016217602318549496e+01
-1.819275866478473891e-01 -7.016946478570083912e+01
-1.813438503859859940e-01 -7.017673201461478527e+01
-1.806471259054591161e-01 -7.018396972215280982e+01
-1.800395877820339940e-01 -7.019118338729114726e+01
-1.792190103868439022e-01 -7.019836784134027141e+01
-1.782997117449104940e-01 -7.020551759383585022e+01
-1.776517798024025430e-01 -7.021263568917049724e+01
-1.768485988877808446e-01 -7.021972437544043544e+01
-1.762450105536219058e-01 -7.022678584757716180e+01
-1.757495042856972445e-01 -7.023382716264545422e+01
-1.750549944933988133e-01 -7.024084299120075059e+01
-1.744655042830179914e-01 -7.024783438516362821e+01
-1.737654800012072842e-01 -7.025479710275433831e+01
-1.730319542152326528e-01 -7.026173263002523584e+01
-1.724640101113565638e-01 -7.026864229315833654e+01
-1.717349011291518512e-01 -7.027552638878542268e+01
-1.709843152924760690e-01 -7.028238275367810672e+01
-1.703830072617530111e-01 -7.028920811282254988e+01
-1.699105576674274920e-01 -7.029601328655900261e+01
-1.691939440053865096e-01 -7.030279601435323400e+01
-1.684638907413930631e-01 -7.030954826468594376e+01
-1.677531816435668677e-01 -7.031627339437496005e+01
-1.670778058795730769e-01 -7.032297078723782136e+01
-1.664456732465000866e-01 -7.032963910719755063e+01
-1.658210270481247639e-01 -7.033628462027671446e+01
-1.652353536510818843e-01 -7.034290481460843125e+01
-1.646571362822006057e-01 -7.034950287669001057e+01
-1.640701849958359493e-01 -7.035607765165812566e+01
-1.634795400900052043e-01 -7.036262940034282565e+01
-1.629274768301485765e-01 -7.036915609102332780e+01
-1.625054843921665826e-01 -7.037566473190032923e+01
-1.620782712557634064e-01 -7.038215751330150738e+01
-1.615319197135492435e-01 -7.038863178202269921e+01
-1.608892836881576083e-01 -7.039508039621645707e+01
-1.602008361599683017e-01 -7.040150051344259907e+01
-1.596655101370442198e-01 -7.040789777728710419e+01
-1.590523016237657405e-01 -7.041427322480059559e+01
-1.584155362592880867e-01 -7.042062083676005102e+01
-1.576897936619917062e-01 -7.042694474221900691e+01
-1.570103560815635235e-01 -7.043323747391414713e+01
-1.563661846181678972e-01 -7.043950460598962593e+01
-1.557221998571219346e-01 -7.044574750956097375e+01
-1.551553157158208351e-01 -7.045196375268457700e+01
-1.546057849148815833e-01 -7.045816218654853458e+01
-1.540382361031961689e-01 -7.046433464265287228e+01
-1.534077360901148490e-01 -7.047048418364612132e+01
-1.526314720857629426e-01 -7.047660578486309646e+01
-1.521389098297357134e-01 -7.048270151603381350e+01
-1.513752405707670667e-01 -7.048877136622887463e+01
-1.508236586286139380e-01 -7.049481603844436961e+01
-1.501002401041945655e-01 -7.050083296063120031e+01
-1.495820862802412776e-01 -7.050682600968013958e+01
-1.490021482659018015e-01 -7.051279839693573592e+01
-1.482750126764785792e-01 -7.051874415428586929e+01
-1.476930246163705440e-01 -7.052466338133730517e+01
-1.471001816577583721e-01 -7.053055990519720808e+01
-1.465212123926540877e-01 -7.053643247128665905e+01
-1.457754905811185497e-01 -7.054227752861906708e+01
-1.451979812128399716e-01 -7.054809616653965065e+01
-1.444467620232809668e-01 -7.055388916667662613e+01
-1.440795916168120527e-01 -7.055966064201842869e+01
-1.437121814353554128e-01 -7.056541639024821677e+01
-1.432117045251862508e-01 -7.057115646313575041e+01
-1.425927103395836226e-01 -7.057687266654009761e+01
-1.421418030183247694e-01 -7.058256612073039094e+01
-1.415197868196829412e-01 -7.058823949789281471e+01
-1.408278662681674009e-01 -7.059388632238253081e+01
-1.403197600648515009e-01 -7.059950985992722394e+01
