1.652685264774890750e-01
1.832908981268950577e-01
2.455118381993846577e-01
1.724560128388964997e-01
2.090254842094954879e-01
1.946986532302981965e-01
1.350905310195580356e-01
1.978082356560856014e-01
1.356408594781675081e-01
8.173904114486053862e-02
9.618684782864365956e-02
1.070823916953308197e-01
1.945815940323096793e-01
2.393360685381199782e-01
2.126407295352069904e-01
2.338656901362656804e-01
1.982830775604222939e-01
8.247526935935244052e-02
1.719832273033543857e-01
1.721727205684311091e-01
1.348768184447151075e-01
1.267310718066396447e-01
1.922332193614948170e-01
9.561381094437625128e-02
1.453662477911810691e-01
