0.000000000000000000e+00
4.000000000000000083e-02
8.000000000000000167e-02
1.199999999999999956e-01
1.600000000000000033e-01
2.000000000000000111e-01
2.400000000000000189e-01
2.800000000000000266e-01
3.200000000000000067e-01
3.599999999999999867e-01
3.999999999999999667e-01
4.399999999999999467e-01
4.799999999999999267e-01
5.199999999999999067e-01
5.599999999999999423e-01
5.999999999999999778e-01
6.400000000000000133e-01
6.800000000000000488e-01
7.200000000000000844e-01
7.600000000000001199e-01
8.000000000000001554e-01
8.400000000000001910e-01
8.800000000000002265e-01
9.200000000000002620e-01
9.600000000000002975e-01
1.000000000000000222e+00
1.040000000000000258e+00
1.080000000000000293e+00
1.120000000000000329e+00
1.160000000000000364e+00
1.200000000000000400e+00
1.240000000000000435e+00
1.280000000000000471e+00
1.320000000000000506e+00
1.360000000000000542e+00
1.400000000000000577e+00
1.440000000000000613e+00
1.480000000000000648e+00
1.520000000000000684e+00
1.560000000000000719e+00
1.600000000000000755e+00
1.640000000000000790e+00
1.680000000000000826e+00
1.720000000000000862e+00
1.760000000000000897e+00
1.800000000000000933e+00
1.840000000000000968e+00
1.880000000000001004e+00
1.920000000000001039e+00
1.960000000000001075e+00
2.000000000000000888e+00
2.040000000000000924e+00
2.080000000000000959e+00
2.120000000000000995e+00
2.160000000000001030e+00
2.200000000000001066e+00
2.240000000000001101e+00
2.280000000000001137e+00
2.320000000000001172e+00
2.360000000000001208e+00
2.400000000000001243e+00
2.440000000000001279e+00
2.480000000000001315e+00
2.520000000000001350e+00
2.560000000000001386e+00
2.600000000000001421e+00
2.640000000000001457e+00
2.680000000000001492e+00
2.720000000000001528e+00
2.760000000000001563e+00
2.800000000000001599e+00
2.840000000000001634e+00
2.880000000000001670e+00
2.920000000000001705e+00
2.960000000000001741e+00
3.000000000000001776e+00
3.040000000000001812e+00
3.080000000000001847e+00
3.120000000000001883e+00
3.160000000000001918e+00
3.200000000000001954e+00
3.240000000000001990e+00
3.280000000000002025e+00
3.320000000000002061e+00
3.360000000000002096e+00
3.400000000000002132e+00
3.440000000000002167e+00
3.480000000000002203e+00
3.520000000000002238e+00
3.560000000000002274e+00
3.600000000000002309e+00
3.640000000000002345e+00
3.680000000000002380e+00
3.720000000000002416e+00
3.760000000000002451e+00
3.800000000000002487e+00
3.840000000000002522e+00
3.880000000000002558e+00
3.920000000000002593e+00
3.960000000000002629e+00
4.000000000000002665e+00
4.040000000000002700e+00
4.080000000000002736e+00
4.120000000000002771e+00
4.160000000000002807e+00
4.200000000000002842e+00
4.240000000000002878e+00
4.280000000000002913e+00
4.320000000000002949e+00
4.360000000000002984e+00
4.400000000000003020e+00
4.440000000000003055e+00
4.480000000000003091e+00
4.520000000000003126e+00
4.560000000000003162e+00
4.600000000000003197e+00
4.640000000000003233e+00
4.680000000000003268e+00
4.720000000000003304e+00
4.760000000000003340e+00
4.800000000000003375e+00
4.840000000000003411e+00
4.880000000000003446e+00
4.920000000000003482e+00
4.960000000000003517e+00
5.000000000000003553e+00
5.040000000000003588e+00
5.080000000000003624e+00
5.120000000000003659e+00
5.160000000000003695e+00
5.200000000000003730e+00
5.240000000000003766e+00
5.280000000000003801e+00
5.320000000000003837e+00
5.360000000000003872e+00
5.400000000000003908e+00
5.440000000000003944e+00
5.480000000000003979e+00
5.520000000000004015e+00
5.560000000000004050e+00
5.600000000000004086e+00
5.640000000000004121e+00
5.680000000000004157e+00
5.720000000000004192e+00
5.760000000000004228e+00
5.800000000000004263e+00
5.840000000000004299e+00
5.880000000000004334e+00
5.920000000000004370e+00
5.960000000000004405e+00
6.000000000000004441e+00
6.040000000000004476e+00
6.080000000000004512e+00
6.120000000000004547e+00
6.160000000000004583e+00
6.200000000000004619e+00
6.240000000000004654e+00
6.280000000000004690e+00
6.320000000000004725e+00
6.360000000000004761e+00
6.400000000000004796e+00
6.440000000000004832e+00
6.480000000000004867e+00
6.520000000000004903e+00
6.560000000000004938e+00
6.600000000000004974e+00
6.640000000000005009e+00
6.680000000000005045e+00
6.720000000000005080e+00
6.760000000000005116e+00
6.800000000000005151e+00
6.840000000000005187e+00
6.880000000000005222e+00
6.920000000000005258e+00
6.960000000000005294e+00
7.000000000000005329e+00
7.040000000000005365e+00
7.080000000000005400e+00
7.120000000000005436e+00
7.160000000000005471e+00
7.200000000000005507e+00
7.240000000000005542e+00
7.280000000000005578e+00
7.320000000000005613e+00
7.360000000000005649e+00
7.400000000000005684e+00
7.440000000000005720e+00
7.480000000000005755e+00
7.520000000000005791e+00
7.560000000000005826e+00
7.600000000000005862e+00
7.640000000000005898e+00
7.680000000000005933e+00
7.720000000000005969e+00
7.760000000000006004e+00
7.800000000000006040e+00
7.840000000000006075e+00
7.880000000000006111e+00
7.920000000000006146e+00
7.960000000000006182e+00
8.000000000000005329e+00
8.040000000000004476e+00
8.080000000000003624e+00
8.120000000000002771e+00
8.160000000000001918e+00
8.200000000000001066e+00
8.240000000000000213e+00
8.279999999999999361e+00
8.319999999999998508e+00
8.359999999999997655e+00
8.399999999999996803e+00
8.439999999999995950e+00
8.479999999999995097e+00
8.519999999999994245e+00
8.559999999999993392e+00
8.599999999999992539e+00
8.639999999999991687e+00
8.679999999999990834e+00
8.719999999999989981e+00
8.759999999999989129e+00
8.799999999999988276e+00
8.839999999999987423e+00
8.879999999999986571e+00
8.919999999999985718e+00
8.959999999999984865e+00
8.999999999999984013e+00
9.039999999999983160e+00
9.079999999999982307e+00
9.119999999999981455e+00
9.159999999999980602e+00
9.199999999999979750e+00
9.239999999999978897e+00
9.279999999999978044e+00
9.319999999999977192e+00
9.359999999999976339e+00
9.399999999999975486e+00
9.439999999999974634e+00
9.479999999999973781e+00
9.519999999999972928e+00
9.559999999999972076e+00
9.599999999999971223e+00
9.639999999999970370e+00
9.679999999999969518e+00
9.719999999999968665e+00
9.759999999999967812e+00
9.799999999999966960e+00
9.839999999999966107e+00
9.879999999999965254e+00
9.919999999999964402e+00
9.959999999999963549e+00
9.999999999999962697e+00
1.003999999999996184e+01
1.007999999999996099e+01
1.011999999999996014e+01
1.015999999999995929e+01
1.019999999999995843e+01
1.023999999999995758e+01
1.027999999999995673e+01
1.031999999999995588e+01
1.035999999999995502e+01
1.039999999999995417e+01
1.043999999999995332e+01
1.047999999999995246e+01
1.051999999999995161e+01
1.055999999999995076e+01
1.059999999999994991e+01
1.063999999999994905e+01
1.067999999999994820e+01
1.071999999999994735e+01
1.075999999999994650e+01
1.079999999999994564e+01
1.083999999999994479e+01
1.087999999999994394e+01
1.091999999999994309e+01
1.095999999999994223e+01
1.099999999999994138e+01
1.103999999999994053e+01
1.107999999999993967e+01
1.111999999999993882e+01
1.115999999999993797e+01
1.119999999999993712e+01
1.123999999999993626e+01
1.127999999999993541e+01
1.131999999999993456e+01
1.135999999999993371e+01
1.139999999999993285e+01
1.143999999999993200e+01
1.147999999999993115e+01
1.151999999999993030e+01
1.155999999999992944e+01
1.159999999999992859e+01
1.163999999999992774e+01
1.167999999999992689e+01
1.171999999999992603e+01
1.175999999999992518e+01
1.179999999999992433e+01
1.183999999999992347e+01
1.187999999999992262e+01
1.191999999999992177e+01
1.195999999999992092e+01
1.199999999999992006e+01
1.203999999999991921e+01
1.207999999999991836e+01
1.211999999999991751e+01
1.215999999999991665e+01
1.219999999999991580e+01
1.223999999999991495e+01
1.227999999999991410e+01
1.231999999999991324e+01
1.235999999999991239e+01
1.239999999999991154e+01
1.243999999999991068e+01
1.247999999999990983e+01
1.251999999999990898e+01
1.255999999999990813e+01
1.259999999999990727e+01
1.263999999999990642e+01
1.267999999999990557e+01
1.271999999999990472e+01
1.275999999999990386e+01
1.279999999999990301e+01
1.283999999999990216e+01
1.287999999999990131e+01
1.291999999999990045e+01
1.295999999999989960e+01
1.299999999999989875e+01
1.303999999999989790e+01
1.307999999999989704e+01
1.311999999999989619e+01
1.315999999999989534e+01
1.319999999999989448e+01
1.323999999999989363e+01
1.327999999999989278e+01
1.331999999999989193e+01
1.335999999999989107e+01
1.339999999999989022e+01
1.343999999999988937e+01
1.347999999999988852e+01
1.351999999999988766e+01
1.355999999999988681e+01
1.359999999999988596e+01
1.363999999999988511e+01
1.367999999999988425e+01
1.371999999999988340e+01
1.375999999999988255e+01
1.379999999999988169e+01
1.383999999999988084e+01
1.387999999999987999e+01
1.391999999999987914e+01
1.395999999999987828e+01
1.399999999999987743e+01
1.403999999999987658e+01
1.407999999999987573e+01
1.411999999999987487e+01
1.415999999999987402e+01
1.419999999999987317e+01
1.423999999999987232e+01
1.427999999999987146e+01
1.431999999999987061e+01
1.435999999999986976e+01
1.439999999999986890e+01
1.443999999999986805e+01
1.447999999999986720e+01
1.451999999999986635e+01
1.455999999999986549e+01
1.459999999999986464e+01
1.463999999999986379e+01
1.467999999999986294e+01
1.471999999999986208e+01
1.475999999999986123e+01
1.479999999999986038e+01
1.483999999999985953e+01
1.487999999999985867e+01
1.491999999999985782e+01
1.495999999999985697e+01
1.499999999999985612e+01
1.503999999999985526e+01
1.507999999999985441e+01
1.511999999999985356e+01
1.515999999999985270e+01
1.519999999999985185e+01
1.523999999999985100e+01
1.527999999999985015e+01
1.531999999999984929e+01
1.535999999999984844e+01
1.539999999999984759e+01
1.543999999999984674e+01
1.547999999999984588e+01
1.551999999999984503e+01
1.555999999999984418e+01
1.559999999999984333e+01
1.563999999999984247e+01
1.567999999999984162e+01
1.571999999999984077e+01
1.575999999999983991e+01
1.579999999999983906e+01
1.583999999999983821e+01
1.587999999999983736e+01
1.591999999999983650e+01
1.595999999999983565e+01
1.599999999999983480e+01
1.603999999999983572e+01
1.607999999999983487e+01
1.611999999999983402e+01
1.615999999999983316e+01
1.619999999999983231e+01
1.623999999999983146e+01
1.627999999999983061e+01
1.631999999999982975e+01
1.635999999999982890e+01
1.639999999999982805e+01
1.643999999999982720e+01
1.647999999999982634e+01
1.651999999999982549e+01
1.655999999999982464e+01
1.659999999999982379e+01
1.663999999999982293e+01
1.667999999999982208e+01
1.671999999999982123e+01
1.675999999999982037e+01
1.679999999999981952e+01
1.683999999999981867e+01
1.687999999999981782e+01
1.691999999999981696e+01
1.695999999999981611e+01
1.699999999999981526e+01
1.703999999999981441e+01
1.707999999999981355e+01
1.711999999999981270e+01
1.715999999999981185e+01
1.719999999999981100e+01
1.723999999999981014e+01
1.727999999999980929e+01
1.731999999999980844e+01
1.735999999999980759e+01
1.739999999999980673e+01
1.743999999999980588e+01
1.747999999999980503e+01
1.751999999999980417e+01
1.755999999999980332e+01
1.759999999999980247e+01
1.763999999999980162e+01
1.767999999999980076e+01
1.771999999999979991e+01
1.775999999999979906e+01
1.779999999999979821e+01
1.783999999999979735e+01
1.787999999999979650e+01
1.791999999999979565e+01
1.795999999999979480e+01
1.799999999999979394e+01
1.803999999999979309e+01
1.807999999999979224e+01
1.811999999999979138e+01
1.815999999999979053e+01
1.819999999999978968e+01
1.823999999999978883e+01
1.827999999999978797e+01
1.831999999999978712e+01
1.835999999999978627e+01
1.839999999999978542e+01
1.843999999999978456e+01
1.847999999999978371e+01
1.851999999999978286e+01
1.855999999999978201e+01
1.859999999999978115e+01
1.863999999999978030e+01
1.867999999999977945e+01
1.871999999999977859e+01
1.875999999999977774e+01
1.879999999999977689e+01
1.883999999999977604e+01
1.887999999999977518e+01
1.891999999999977433e+01
1.895999999999977348e+01
1.899999999999977263e+01
1.903999999999977177e+01
1.907999999999977092e+01
1.911999999999977007e+01
1.915999999999976922e+01
1.919999999999976836e+01
1.923999999999976751e+01
1.927999999999976666e+01
1.931999999999976581e+01
1.935999999999976495e+01
1.939999999999976410e+01
1.943999999999976325e+01
1.947999999999976239e+01
1.951999999999976154e+01
1.955999999999976069e+01
1.959999999999975984e+01
1.963999999999975898e+01
1.967999999999975813e+01
1.971999999999975728e+01
1.975999999999975643e+01
1.979999999999975557e+01
1.983999999999975472e+01
1.987999999999975387e+01
1.991999999999975302e+01
1.995999999999975216e+01
1.999999999999975131e+01
2.003999999999975046e+01
2.007999999999974960e+01
2.011999999999974875e+01
2.015999999999974790e+01
2.019999999999974705e+01
2.023999999999974619e+01
2.027999999999974534e+01
2.031999999999974449e+01
2.035999999999974364e+01
2.039999999999974278e+01
2.043999999999974193e+01
2.047999999999974108e+01
2.051999999999974023e+01
2.055999999999973937e+01
2.059999999999973852e+01
2.063999999999973767e+01
2.067999999999973681e+01
2.071999999999973596e+01
2.075999999999973511e+01
2.079999999999973426e+01
2.083999999999973340e+01
2.087999999999973255e+01
2.091999999999973170e+01
2.095999999999973085e+01
2.099999999999972999e+01
2.103999999999972914e+01
2.107999999999972829e+01
2.111999999999972744e+01
2.115999999999972658e+01
2.119999999999972573e+01
2.123999999999972488e+01
2.127999999999972403e+01
2.131999999999972317e+01
2.135999999999972232e+01
2.139999999999972147e+01
2.143999999999972061e+01
2.147999999999971976e+01
2.151999999999971891e+01
2.155999999999971806e+01
2.159999999999971720e+01
2.163999999999971635e+01
2.167999999999971550e+01
2.171999999999971465e+01
2.175999999999971379e+01
2.179999999999971294e+01
2.183999999999971209e+01
2.187999999999971124e+01
2.191999999999971038e+01
2.195999999999970953e+01
2.199999999999970868e+01
2.203999999999970782e+01
2.207999999999970697e+01
2.211999999999970612e+01
2.215999999999970527e+01
2.219999999999970441e+01
2.223999999999970356e+01
2.227999999999970271e+01
2.231999999999970186e+01
2.235999999999970100e+01
2.239999999999970015e+01
2.243999999999969930e+01
2.247999999999969845e+01
2.251999999999969759e+01
2.255999999999969674e+01
2.259999999999969589e+01
2.263999999999969504e+01
2.267999999999969418e+01
2.271999999999969333e+01
2.275999999999969248e+01
2.279999999999969162e+01
2.283999999999969077e+01
2.287999999999968992e+01
2.291999999999968907e+01
2.295999999999968821e+01
2.299999999999968736e+01
2.303999999999968651e+01
2.307999999999968566e+01
2.311999999999968480e+01
2.315999999999968395e+01
2.319999999999968310e+01
2.323999999999968225e+01
2.327999999999968139e+01
2.331999999999968054e+01
2.335999999999967969e+01
2.339999999999967883e+01
2.343999999999967798e+01
2.347999999999967713e+01
2.351999999999967628e+01
2.355999999999967542e+01
2.359999999999967457e+01
2.363999999999967372e+01
2.367999999999967287e+01
2.371999999999967201e+01
2.375999999999967116e+01
2.379999999999967031e+01
2.383999999999966946e+01
2.387999999999966860e+01
2.391999999999966775e+01
2.395999999999966690e+01
2.399999999999966604e+01
2.403999999999966519e+01
2.407999999999966434e+01
2.411999999999966349e+01
2.415999999999966263e+01
2.419999999999966178e+01
2.423999999999966093e+01
2.427999999999966008e+01
2.431999999999965922e+01
2.435999999999965837e+01
2.439999999999965752e+01
2.443999999999965667e+01
2.447999999999965581e+01
2.451999999999965496e+01
2.455999999999965411e+01
2.459999999999965326e+01
2.463999999999965240e+01
2.467999999999965155e+01
2.471999999999965070e+01
2.475999999999964984e+01
2.479999999999964899e+01
2.483999999999964814e+01
2.487999999999964729e+01
2.491999999999964643e+01
2.495999999999964558e+01
2.499999999999964473e+01
2.503999999999964388e+01
2.507999999999964302e+01
2.511999999999964217e+01
2.515999999999964132e+01
2.519999999999964047e+01
2.523999999999963961e+01
2.527999999999963876e+01
2.531999999999963791e+01
2.535999999999963705e+01
2.539999999999963620e+01
2.543999999999963535e+01
2.547999999999963450e+01
2.551999999999963364e+01
2.555999999999963279e+01
2.559999999999963194e+01
2.563999999999963109e+01
2.567999999999963023e+01
2.571999999999962938e+01
2.575999999999962853e+01
2.579999999999962768e+01
2.583999999999962682e+01
2.587999999999962597e+01
2.591999999999962512e+01
2.595999999999962427e+01
2.599999999999962341e+01
2.603999999999962256e+01
2.607999999999962171e+01
2.611999999999962085e+01
2.615999999999962000e+01
2.619999999999961915e+01
2.623999999999961830e+01
2.627999999999961744e+01
2.631999999999961659e+01
2.635999999999961574e+01
2.639999999999961489e+01
2.643999999999961403e+01
2.647999999999961318e+01
2.651999999999961233e+01
2.655999999999961148e+01
2.659999999999961062e+01
2.663999999999960977e+01
2.667999999999960892e+01
2.671999999999960806e+01
2.675999999999960721e+01
2.679999999999960636e+01
2.683999999999960551e+01
2.687999999999960465e+01
2.691999999999960380e+01
2.695999999999960295e+01
2.699999999999960210e+01
2.703999999999960124e+01
2.707999999999960039e+01
2.711999999999959954e+01
2.715999999999959869e+01
2.719999999999959783e+01
2.723999999999959698e+01
2.727999999999959613e+01
2.731999999999959527e+01
2.735999999999959442e+01
2.739999999999959357e+01
2.743999999999959272e+01
2.747999999999959186e+01
2.751999999999959101e+01
2.755999999999959016e+01
2.759999999999958931e+01
2.763999999999958845e+01
2.767999999999958760e+01
2.771999999999958675e+01
2.775999999999958590e+01
2.779999999999958504e+01
2.783999999999958419e+01
2.787999999999958334e+01
2.791999999999958249e+01
2.795999999999958163e+01
2.799999999999958078e+01
2.803999999999957993e+01
2.807999999999957907e+01
2.811999999999957822e+01
2.815999999999957737e+01
2.819999999999957652e+01
2.823999999999957566e+01
2.827999999999957481e+01
2.831999999999957396e+01
2.835999999999957311e+01
2.839999999999957225e+01
2.843999999999957140e+01
2.847999999999957055e+01
2.851999999999956970e+01
2.855999999999956884e+01
2.859999999999956799e+01
2.863999999999956714e+01
2.867999999999956628e+01
2.871999999999956543e+01
2.875999999999956458e+01
2.879999999999956373e+01
2.883999999999956287e+01
2.887999999999956202e+01
2.891999999999956117e+01
2.895999999999956032e+01
2.899999999999955946e+01
2.903999999999955861e+01
2.907999999999955776e+01
2.911999999999955691e+01
2.915999999999955605e+01
2.919999999999955520e+01
2.923999999999955435e+01
2.927999999999955349e+01
2.931999999999955264e+01
2.935999999999955179e+01
2.939999999999955094e+01
2.943999999999955008e+01
2.947999999999954923e+01
2.951999999999954838e+01
2.955999999999954753e+01
2.959999999999954667e+01
2.963999999999954582e+01
2.967999999999954497e+01
2.971999999999954412e+01
2.975999999999954326e+01
2.979999999999954241e+01
2.983999999999954156e+01
2.987999999999954071e+01
2.991999999999953985e+01
2.995999999999953900e+01
2.999999999999953815e+01
3.003999999999953729e+01
3.007999999999953644e+01
3.011999999999953559e+01
3.015999999999953474e+01
3.019999999999953388e+01
3.023999999999953303e+01
3.027999999999953218e+01
3.031999999999953133e+01
3.035999999999953047e+01
3.039999999999952962e+01
3.043999999999952877e+01
3.047999999999952792e+01
3.051999999999952706e+01
3.055999999999952621e+01
3.059999999999952536e+01
3.063999999999952450e+01
3.067999999999952365e+01
3.071999999999952280e+01
3.075999999999952195e+01
3.079999999999952109e+01
3.083999999999952024e+01
3.087999999999951939e+01
3.091999999999951854e+01
3.095999999999951768e+01
3.099999999999951683e+01
3.103999999999951598e+01
3.107999999999951513e+01
3.111999999999951427e+01
3.115999999999951342e+01
3.119999999999951257e+01
3.123999999999951172e+01
3.127999999999951086e+01
3.131999999999951001e+01
3.135999999999950916e+01
3.139999999999950830e+01
3.143999999999950745e+01
3.147999999999950660e+01
3.151999999999950575e+01
3.155999999999950489e+01
3.159999999999950404e+01
3.163999999999950319e+01
3.167999999999950234e+01
3.171999999999950148e+01
3.175999999999950063e+01
3.179999999999949978e+01
3.183999999999949893e+01
3.187999999999949807e+01
3.191999999999949722e+01
3.195999999999949637e+01
3.199999999999949551e+01
3.203999999999949466e+01
3.207999999999949381e+01
3.211999999999949296e+01
3.215999999999949210e+01
3.219999999999949125e+01
3.223999999999949040e+01
3.227999999999948955e+01
3.231999999999948869e+01
3.235999999999948784e+01
3.239999999999948699e+01
3.243999999999948614e+01
3.247999999999948528e+01
3.251999999999948443e+01
3.255999999999948358e+01
3.259999999999948272e+01
3.263999999999948187e+01
3.267999999999948102e+01
3.271999999999948017e+01
3.275999999999947931e+01
3.279999999999947846e+01
3.283999999999947761e+01
3.287999999999947676e+01
3.291999999999947590e+01
3.295999999999947505e+01
3.299999999999947420e+01
3.303999999999947335e+01
3.307999999999947249e+01
3.311999999999947164e+01
3.315999999999947079e+01
3.319999999999946994e+01
3.323999999999946908e+01
3.327999999999946823e+01
3.331999999999946738e+01
3.335999999999946652e+01
3.339999999999946567e+01
3.343999999999946482e+01
3.347999999999946397e+01
3.351999999999946311e+01
3.355999999999946226e+01
3.359999999999946141e+01
3.363999999999946056e+01
3.367999999999945970e+01
3.371999999999945885e+01
3.375999999999945800e+01
3.379999999999945715e+01
3.383999999999945629e+01
3.387999999999945544e+01
3.391999999999945459e+01
3.395999999999945373e+01
3.399999999999945288e+01
3.403999999999945203e+01
3.407999999999945118e+01
3.411999999999945032e+01
3.415999999999944947e+01
3.419999999999944862e+01
3.423999999999944777e+01
3.427999999999944691e+01
3.431999999999944606e+01
3.435999999999944521e+01
3.439999999999944436e+01
3.443999999999944350e+01
3.447999999999944265e+01
3.451999999999944180e+01
3.455999999999944094e+01
3.459999999999944009e+01
3.463999999999943924e+01
3.467999999999943839e+01
3.471999999999943753e+01
3.475999999999943668e+01
3.479999999999943583e+01
3.483999999999943498e+01
3.487999999999943412e+01
3.491999999999943327e+01
3.495999999999943242e+01
3.499999999999943157e+01
3.503999999999943071e+01
3.507999999999942986e+01
3.511999999999942901e+01
3.515999999999942816e+01
3.519999999999942730e+01
3.523999999999942645e+01
3.527999999999942560e+01
3.531999999999942474e+01
3.535999999999942389e+01
3.539999999999942304e+01
3.543999999999942219e+01
3.547999999999942133e+01
3.551999999999942048e+01
3.555999999999941963e+01
3.559999999999941878e+01
3.563999999999941792e+01
3.567999999999941707e+01
3.571999999999941622e+01
3.575999999999941537e+01
3.579999999999941451e+01
3.583999999999941366e+01
3.587999999999941281e+01
3.591999999999941195e+01
3.595999999999941110e+01
3.599999999999941025e+01
3.603999999999940940e+01
3.607999999999940854e+01
3.611999999999940769e+01
3.615999999999940684e+01
3.619999999999940599e+01
3.623999999999940513e+01
3.627999999999940428e+01
3.631999999999940343e+01
3.635999999999940258e+01
3.639999999999940172e+01
3.643999999999940087e+01
3.647999999999940002e+01
3.651999999999939917e+01
3.655999999999939831e+01
3.659999999999939746e+01
3.663999999999939661e+01
3.667999999999939575e+01
3.671999999999939490e+01
3.675999999999939405e+01
3.679999999999939320e+01
3.683999999999939234e+01
3.687999999999939149e+01
3.691999999999939064e+01
3.695999999999938979e+01
3.699999999999938893e+01
3.703999999999938808e+01
3.707999999999938723e+01
3.711999999999938638e+01
3.715999999999938552e+01
3.719999999999938467e+01
3.723999999999938382e+01
3.727999999999938296e+01
3.731999999999938211e+01
3.735999999999938126e+01
3.739999999999938041e+01
3.743999999999937955e+01
3.747999999999937870e+01
3.751999999999937785e+01
3.755999999999937700e+01
3.759999999999937614e+01
3.763999999999937529e+01
3.767999999999937444e+01
3.771999999999937359e+01
3.775999999999937273e+01
3.779999999999937188e+01
3.783999999999937103e+01
3.787999999999937017e+01
3.791999999999936932e+01
3.795999999999936847e+01
3.799999999999936762e+01
3.803999999999936676e+01
3.807999999999936591e+01
3.811999999999936506e+01
3.815999999999936421e+01
3.819999999999936335e+01
3.823999999999936250e+01
3.827999999999936165e+01
3.831999999999936080e+01
3.835999999999935994e+01
3.839999999999935909e+01
3.843999999999935824e+01
3.847999999999935739e+01
3.851999999999935653e+01
3.855999999999935568e+01
3.859999999999935483e+01
3.863999999999935397e+01
3.867999999999935312e+01
3.871999999999935227e+01
3.875999999999935142e+01
3.879999999999935056e+01
3.883999999999934971e+01
3.887999999999934886e+01
3.891999999999934801e+01
3.895999999999934715e+01
3.899999999999934630e+01
3.903999999999934545e+01
3.907999999999934460e+01
3.911999999999934374e+01
3.915999999999934289e+01
3.919999999999934204e+01
3.923999999999934118e+01
3.927999999999934033e+01
3.931999999999933948e+01
3.935999999999933863e+01
3.939999999999933777e+01
3.943999999999933692e+01
3.947999999999933607e+01
3.951999999999933522e+01
3.955999999999933436e+01
3.959999999999933351e+01
3.963999999999933266e+01
3.967999999999933181e+01
3.971999999999933095e+01
3.975999999999933010e+01
3.979999999999932925e+01
3.983999999999932840e+01
3.987999999999932754e+01
3.991999999999932669e+01
3.995999999999932584e+01
3.999999999999932498e+01
4.003999999999932413e+01
4.007999999999932328e+01
4.011999999999932243e+01
4.015999999999932157e+01
4.019999999999932072e+01
4.023999999999931987e+01
4.027999999999931902e+01
4.031999999999931816e+01
4.035999999999931731e+01
4.039999999999931646e+01
4.043999999999931561e+01
4.047999999999931475e+01
4.051999999999931390e+01
4.055999999999931305e+01
4.059999999999931219e+01
4.063999999999931134e+01
4.067999999999931049e+01
4.071999999999930964e+01
4.075999999999930878e+01
4.079999999999930793e+01
4.083999999999930708e+01
4.087999999999930623e+01
4.091999999999930537e+01
4.095999999999930452e+01
