0.000000000000000000e+00 0.000000000000000000e+00 0.000000000000000000e+00 0.000000000000000000e+00 0.000000000000000000e+00 0.000000000000000000e+00 0.000000000000000000e+00 0.000000000000000000e+00 0.000000000000000000e+00 0.000000000000000000e+00 0.000000000000000000e+00 0.000000000000000000e+00 0.000000000000000000e+00
-6.564792152894621813e-01 -2.041219660196590402e-01 3.894401706745364011e-01 3.862939747439468607e-02 4.610394667668334112e-02 3.367033679415790126e-02 9.683278605269339812e-01 -2.472546962788029767e-01 3.365167859880239393e-02 8.592684265731032403e-03 -9.759478644640863010e+00 -2.180040500724454766e+00 -2.000000000000000000e+00
4.600655522712128187e-01 1.084557431136771610e+00 2.504830500613044020e+00 2.681426062719678011e-02 1.179980884326902791e-04 8.305113521942361632e-02 9.936601738054749999e-01 1.220586316759060541e-02 1.117523668219281424e-01 -1.372737012150673872e-03 -2.619138148902557806e+00 -9.650912669637172314e+00 -2.000000000000000000e+00
-1.242939293104317888e-01 -6.669942973427023247e-01 -3.796873567181814124e+00 4.626313072420898398e-02 4.682459159084532974e-02 -3.178039527715500329e-02 9.869887441368749847e-01 -5.945045252963328947e-02 1.491247097650461595e-01 8.982403833424823861e-03 3.519775446276523390e+00 9.360084444479596755e+00 -2.000000000000000000e+00
-1.504766945944846945e+00 -7.220304627136056030e-01 -3.057783653178103300e+00 -3.909908595720801988e-02 -8.172134509562706262e-02 4.821649397352638367e-02 9.712831437512736699e-01 5.244004008726360633e-02 -2.317381182215283719e-01 1.251165150704597849e-02 8.977157105685124705e+00 4.405751956232565547e+00 -2.000000000000000000e+00
2.284449567723779939e+00 1.036094827876008040e+00 7.271399898595840017e-02 -8.207508524721598975e-02 -2.839425551352090654e-02 -3.479349451607859772e-02 9.606370392722387574e-01 -1.263636012602266656e-01 2.452909072038615135e-01 3.226592471819524077e-02 8.676446980385282615e+00 -4.971847523462795237e+00 -2.000000000000000000e+00
4.662100669772056283e-01 -6.759161309127559303e-01 -1.951625288761439592e+00 3.987888420093733954e-02 4.830603677788479489e-02 -3.844341863019800406e-03 9.986347448562059581e-01 1.412615244526976496e-02 5.028510939147799036e-02 -7.113062354878970685e-04 -9.816810845612755188e+00 1.905314887744222752e+00 -2.000000000000000000e+00
-1.136002595405429805e+00 2.037427275464900323e+00 -8.909382535737980779e-01 -5.646728877412189943e-03 -5.600292023403972280e-02 4.482648850465362732e-03 9.648601977480172343e-01 -2.463692566026877140e-01 -8.852163434349334670e-02 -2.260328418289365981e-02 9.380775099962811225e+00 3.464254396535814351e+00 -2.000000000000000000e+00
1.570833786418484035e+00 -3.357902542324862627e-01 -1.914419398511439052e+00 3.352153182719246755e-02 -1.780772458283397253e-02 -4.679934582725382708e-02 9.884376347513791350e-01 1.387435571534007539e-01 -6.057209378614937523e-02 8.502294389300155131e-03 9.267799021034825557e+00 -3.756048629305258402e+00 -2.000000000000000000e+00
2.496671669618629741e-01 3.693592760835311961e-01 -1.954878330750583260e+00 5.962540207679828397e-02 -6.417027852988308953e-03 3.822045755569752207e-02 9.965550472943417448e-01 2.721908633447914228e-02 -7.831081715705573432e-02 2.138917362275862249e-03 8.864989647781710502e+00 4.627305754402134319e+00 -2.000000000000000000e+00
1.224046819774689654e+00 3.096776645253330962e+00 -1.320236260632506209e+00 -2.384242637131768830e-02 9.972996526324200139e-02 -9.970748109275321194e-03 9.790910327749154929e-01 4.656524444147941422e-02 -1.977977054114001265e-01 9.407193196674896313e-03 -4.604894752221068366e+00 8.876651639045370246e+00 -2.000000000000000000e+00
8.027683859858243398e-01 -2.405230075136346457e+00 -2.787618996466230126e-01 4.057750078202355948e-02 2.415985631669843522e-02 -7.351740866076606970e-03 9.458738186910529144e-01 2.415212380972515949e-01 -2.100333308310645963e-01 5.363031421485754680e-02 3.936615757250474967e+00 9.192554399064890802e+00 -2.000000000000000000e+00
-3.993794158739678024e-01 -2.124287343108485770e-01 6.638169590652204244e-01 8.613948679938703001e-02 4.578765286745009599e-02 -7.075208234700570975e-03 9.689123382405633311e-01 -4.021820366750594798e-04 2.474039379411119843e-01 1.026939339251989634e-04 -7.925996487389882716e+00 6.097424020181247073e+00 -2.000000000000000000e+00
-7.371230400665912397e-01 8.156796574686430157e-01 -1.000633635292922374e+00 1.689742813260339607e-02 -7.697439043198229429e-04 -9.615704640368956738e-03 9.859789975511839000e-01 1.098554998498001006e-01 -1.248348134527373504e-01 1.390880623681348301e-02 1.669232326871161964e+00 -9.859698952753490175e+00 -2.000000000000000000e+00
-1.483182055796041343e+00 1.622271172147585316e+00 7.969472371270028277e-02 4.482405649839336231e-02 -1.515116053166000107e-02 4.390716140613307172e-02 9.655562163827414723e-01 -8.057588938280990654e-02 -2.465469793380838381e-01 -2.057440239910038327e-02 9.358517093766611339e+00 -3.523940664324265004e+00 -2.000000000000000000e+00
1.680507789974579502e+00 -9.953017384041904503e-01 -7.771509743362812195e-01 -2.863764326632295756e-02 -8.101872539829980610e-03 6.197123252883788430e-02 9.866326488191123900e-01 -1.279943121967896114e-01 -1.000254565538282875e-01 -1.297614621723747370e-02 -5.519838250719883099e+00 -8.338548176144913171e+00 -2.000000000000000000e+00
-7.012801894176716733e-01 -2.069534546225583860e+00 1.640541425377795237e+00 4.034381511270387216e-02 1.402868968046449942e-02 -1.075687739421802430e-02 9.606859686009660004e-01 2.453034009126627835e-01 1.259910738044969225e-01 -3.217080284194161893e-02 8.516394323958536461e+00 -5.241281114274142894e+00 -2.000000000000000000e+00
-4.855920922312085275e-01 4.199425034733564321e-01 5.055241807536605680e-01 -4.826422222316111292e-04 2.363122290458394628e-02 -1.891243705790074392e-02 9.405035613569898700e-01 -2.401499862721205580e-01 2.329041262408312052e-01 5.947018705464061222e-02 7.196242843750212392e-01 9.974073435128584464e+00 -2.000000000000000000e+00
2.309197557054824657e+00 -1.509523026329692375e+00 4.449093817576904586e-01 9.328149985134604957e-03 4.001358811042602000e-03 8.665636713684232370e-03 9.960694480311632626e-01 -5.158988188179394058e-02 -7.190458411443226283e-02 -3.724187112209288199e-03 3.022854972712021304e+00 -9.532174348696639044e+00 -2.000000000000000000e+00
-1.966250610282667122e-01 2.988415769547043244e+00 -1.403996351800675391e-01 -9.225166262901712474e-03 2.897583106868204667e-02 -3.053130252951960499e-02 9.903990624041824065e-01 1.955337568780007515e-02 -1.368212919178861675e-01 2.701252681385105797e-03 2.033129263614908311e+00 -9.791138105319150853e+00 -2.000000000000000000e+00
1.084629886098043672e+00 -4.541441553924956409e-01 2.000131447505134386e+00 3.572383531789302680e-02 -1.302485182226539168e-02 2.932045554942999330e-02 9.389697284376240516e-01 -2.397583344276576212e-01 2.390128239717713154e-01 6.102999366941744275e-02 -6.987223314135102115e+00 7.153929714388230998e+00 -2.000000000000000000e+00
2.808904534671606834e-01 -1.854683061959111035e+00 -1.323998238222263979e-01 -5.617544276635220296e-03 3.755640253050659266e-02 -5.385243588337918635e-02 9.859581344811210180e-01 1.456239846856192122e-01 8.085540519834320816e-02 -1.194217672796990710e-02 9.847720404951155970e+00 -1.738505917708838000e+00 -2.000000000000000000e+00
1.118079703512717904e+00 -1.144177961788817033e+00 8.133257450526747423e-01 -6.233914549889261331e-02 -1.138699045912384966e-02 -3.985764953348722162e-02 9.683323104408538828e-01 -2.472558325283725766e-01 3.352338738051584277e-02 8.559926139577957518e-03 9.986933431208406375e+00 -5.110387858195332145e-01 -2.000000000000000000e+00
-9.809577223545823399e-01 1.025694438168948786e+00 1.778758183094335088e+00 -7.833117903455043274e-02 -3.188219704733392945e-02 -1.365594729519143367e-02 9.757864510851940176e-01 2.413689915538574579e-02 -2.173230640350299891e-01 5.375668902677746899e-03 2.929743411738583880e+00 9.561203038392939391e+00 -2.000000000000000000e+00
-7.049198081925576176e-01 -1.432724221438452794e-01 -8.029960705978675950e-01 -4.708681984080192312e-02 -3.031034245131317140e-02 1.928874351161438683e-02 9.629078614129295000e-01 1.550436513812489814e-01 -2.180308512928942066e-01 3.510647347775253807e-02 -9.953348331617927869e+00 9.648093021310549799e-01 -2.000000000000000000e+00
5.386828546477770985e-01 1.362078157501368236e-01 4.285019196781239437e+00 -3.809591213755123690e-02 -3.340095418191567356e-02 -5.528223412984726443e-02 9.796602862709286041e-01 1.456833661323201912e-01 -1.364920983802087040e-01 2.029747313549203763e-02 6.742139587542559376e+00 7.385360775350886087e+00 -2.000000000000000000e+00
