4.113371200331858435e-01
6.225990573988345878e-01
5.452536198778112908e-01
5.950671891876920805e-01
5.239844476407407026e-01
2.336512412467139921e-01
2.457433385712693985e-01
5.915880629158699611e-01
6.347643946168450846e-01
5.879981789683889071e-01
2.211649427233196574e-01
4.201399126171561638e-01
6.673586915484308602e-01
6.697461321145917745e-01
4.289605376364628020e-01
5.915279821560149864e-01
5.932575254287234534e-01
6.630730907952180342e-01
6.640943995777484066e-01
6.646844696146341214e-01
7.447634353059012779e-01
5.368384318343965012e-01
4.430901552947641431e-01
3.940964918281700813e-01
6.032442795250911871e-01
