0.000000000000000000e+00
4.000000000000000083e-02
8.000000000000000167e-02
1.199999999999999956e-01
1.600000000000000033e-01
2.000000000000000111e-01
2.400000000000000189e-01
2.800000000000000266e-01
3.200000000000000067e-01
3.599999999999999867e-01
3.999999999999999667e-01
4.399999999999999467e-01
4.799999999999999267e-01
5.199999999999999067e-01
5.599999999999999423e-01
5.999999999999999778e-01
6.400000000000000133e-01
6.800000000000000488e-01
7.200000000000000844e-01
7.600000000000001199e-01
8.000000000000001554e-01
8.400000000000001910e-01
8.800000000000002265e-01
9.200000000000002620e-01
9.600000000000002975e-01
1.000000000000000222e+00
1.040000000000000258e+00
1.080000000000000293e+00
1.120000000000000329e+00
1.160000000000000364e+00
1.200000000000000400e+00
1.240000000000000435e+00
1.280000000000000471e+00
1.320000000000000506e+00
1.360000000000000542e+00
1.400000000000000577e+00
1.440000000000000613e+00
1.480000000000000648e+00
1.520000000000000684e+00
1.560000000000000719e+00
1.600000000000000755e+00
1.640000000000000790e+00
1.680000000000000826e+00
1.720000000000000862e+00
1.760000000000000897e+00
1.800000000000000933e+00
1.840000000000000968e+00
1.880000000000001004e+00
1.920000000000001039e+00
1.960000000000001075e+00
2.000000000000000888e+00
2.040000000000000924e+00
2.080000000000000959e+00
2.120000000000000995e+00
2.160000000000001030e+00
2.200000000000001066e+00
2.240000000000001101e+00
2.280000000000001137e+00
2.320000000000001172e+00
2.360000000000001208e+00
2.400000000000001243e+00
2.440000000000001279e+00
2.480000000000001315e+00
2.520000000000001350e+00
2.560000000000001386e+00
2.600000000000001421e+00
2.640000000000001457e+00
2.680000000000001492e+00
2.720000000000001528e+00
2.760000000000001563e+00
2.800000000000001599e+00
2.840000000000001634e+00
2.880000000000001670e+00
2.920000000000001705e+00
2.960000000000001741e+00
3.000000000000001776e+00
3.040000000000001812e+00
3.080000000000001847e+00
3.120000000000001883e+00
3.160000000000001918e+00
3.200000000000001954e+00
3.240000000000001990e+00
3.280000000000002025e+00
3.320000000000002061e+00
3.360000000000002096e+00
3.400000000000002132e+00
3.440000000000002167e+00
3.480000000000002203e+00
3.520000000000002238e+00
3.560000000000002274e+00
3.600000000000002309e+00
3.640000000000002345e+00
3.680000000000002380e+00
3.720000000000002416e+00
3.760000000000002451e+00
3.800000000000002487e+00
3.840000000000002522e+00
3.880000000000002558e+00
3.920000000000002593e+00
3.960000000000002629e+00
4.000000000000002665e+00
4.040000000000002700e+00
4.080000000000002736e+00
4.120000000000002771e+00
4.160000000000002807e+00
4.200000000000002842e+00
4.240000000000002878e+00
4.280000000000002913e+00
4.320000000000002949e+00
4.360000000000002984e+00
4.400000000000003020e+00
4.440000000000003055e+00
4.480000000000003091e+00
4.520000000000003126e+00
4.560000000000003162e+00
4.600000000000003197e+00
4.640000000000003233e+00
4.680000000000003268e+00
4.720000000000003304e+00
4.760000000000003340e+00
4.800000000000003375e+00
4.840000000000003411e+00
4.880000000000003446e+00
4.920000000000003482e+00
4.960000000000003517e+00
5.000000000000003553e+00
5.040000000000003588e+00
5.080000000000003624e+00
5.120000000000003659e+00
5.160000000000003695e+00
5.200000000000003730e+00
5.240000000000003766e+00
5.280000000000003801e+00
5.320000000000003837e+00
5.360000000000003872e+00
5.400000000000003908e+00
5.440000000000003944e+00
5.480000000000003979e+00
5.520000000000004015e+00
5.560000000000004050e+00
5.600000000000004086e+00
5.640000000000004121e+00
5.680000000000004157e+00
5.720000000000004192e+00
5.760000000000004228e+00
5.800000000000004263e+00
5.840000000000004299e+00
5.880000000000004334e+00
5.920000000000004370e+00
5.960000000000004405e+00
6.000000000000004441e+00
6.040000000000004476e+00
6.080000000000004512e+00
6.120000000000004547e+00
6.160000000000004583e+00
6.200000000000004619e+00
6.240000000000004654e+00
6.280000000000004690e+00
6.320000000000004725e+00
6.360000000000004761e+00
6.400000000000004796e+00
6.440000000000004832e+00
6.480000000000004867e+00
6.520000000000004903e+00
6.560000000000004938e+00
6.600000000000004974e+00
6.640000000000005009e+00
6.680000000000005045e+00
6.720000000000005080e+00
6.760000000000005116e+00
6.800000000000005151e+00
6.840000000000005187e+00
6.880000000000005222e+00
6.920000000000005258e+00
6.960000000000005294e+00
7.000000000000005329e+00
7.040000000000005365e+00
7.080000000000005400e+00
7.120000000000005436e+00
7.160000000000005471e+00
7.200000000000005507e+00
7.240000000000005542e+00
7.280000000000005578e+00
7.320000000000005613e+00
7.360000000000005649e+00
7.400000000000005684e+00
7.440000000000005720e+00
7.480000000000005755e+00
7.520000000000005791e+00
7.560000000000005826e+00
7.600000000000005862e+00
7.640000000000005898e+00
7.680000000000005933e+00
7.720000000000005969e+00
7.760000000000006004e+00
7.800000000000006040e+00
7.840000000000006075e+00
7.880000000000006111e+00
7.920000000000006146e+00
7.960000000000006182e+00
8.000000000000005329e+00
8.040000000000004476e+00
8.080000000000003624e+00
8.120000000000002771e+00
8.160000000000001918e+00
8.200000000000001066e+00
8.240000000000000213e+00
8.279999999999999361e+00
8.319999999999998508e+00
8.359999999999997655e+00
8.399999999999996803e+00
8.439999999999995950e+00
8.479999999999995097e+00
8.519999999999994245e+00
8.559999999999993392e+00
8.599999999999992539e+00
8.639999999999991687e+00
8.679999999999990834e+00
8.719999999999989981e+00
8.759999999999989129e+00
8.799999999999988276e+00
8.839999999999987423e+00
8.879999999999986571e+00
8.919999999999985718e+00
8.959999999999984865e+00
8.999999999999984013e+00
9.039999999999983160e+00
9.079999999999982307e+00
9.119999999999981455e+00
9.159999999999980602e+00
9.199999999999979750e+00
9.239999999999978897e+00
9.279999999999978044e+00
9.319999999999977192e+00
9.359999999999976339e+00
9.399999999999975486e+00
9.439999999999974634e+00
9.479999999999973781e+00
9.519999999999972928e+00
9.559999999999972076e+00
9.599999999999971223e+00
9.639999999999970370e+00
9.679999999999969518e+00
9.719999999999968665e+00
9.759999999999967812e+00
9.799999999999966960e+00
9.839999999999966107e+00
9.879999999999965254e+00
9.919999999999964402e+00
9.959999999999963549e+00
9.999999999999962697e+00
1.003999999999996184e+01
1.007999999999996099e+01
1.011999999999996014e+01
1.015999999999995929e+01
1.019999999999995843e+01
1.023999999999995758e+01
1.027999999999995673e+01
1.031999999999995588e+01
1.035999999999995502e+01
1.039999999999995417e+01
1.043999999999995332e+01
1.047999999999995246e+01
1.051999999999995161e+01
1.055999999999995076e+01
1.059999999999994991e+01
1.063999999999994905e+01
1.067999999999994820e+01
1.071999999999994735e+01
1.075999999999994650e+01
1.079999999999994564e+01
1.083999999999994479e+01
1.087999999999994394e+01
1.091999999999994309e+01
1.095999999999994223e+01
1.099999999999994138e+01
1.103999999999994053e+01
1.107999999999993967e+01
1.111999999999993882e+01
1.115999999999993797e+01
1.119999999999993712e+01
1.123999999999993626e+01
1.127999999999993541e+01
1.131999999999993456e+01
1.135999999999993371e+01
1.139999999999993285e+01
1.143999999999993200e+01
1.147999999999993115e+01
1.151999999999993030e+01
1.155999999999992944e+01
1.159999999999992859e+01
1.163999999999992774e+01
1.167999999999992689e+01
1.171999999999992603e+01
1.175999999999992518e+01
1.179999999999992433e+01
1.183999999999992347e+01
1.187999999999992262e+01
1.191999999999992177e+01
1.195999999999992092e+01
1.199999999999992006e+01
1.203999999999991921e+01
1.207999999999991836e+01
1.211999999999991751e+01
1.215999999999991665e+01
1.219999999999991580e+01
1.223999999999991495e+01
1.227999999999991410e+01
1.231999999999991324e+01
1.235999999999991239e+01
1.239999999999991154e+01
1.243999999999991068e+01
1.247999999999990983e+01
1.251999999999990898e+01
1.255999999999990813e+01
1.259999999999990727e+01
1.263999999999990642e+01
1.267999999999990557e+01
1.271999999999990472e+01
1.275999999999990386e+01
1.279999999999990301e+01
1.283999999999990216e+01
1.287999999999990131e+01
1.291999999999990045e+01
1.295999999999989960e+01
1.299999999999989875e+01
1.303999999999989790e+01
1.307999999999989704e+01
1.311999999999989619e+01
1.315999999999989534e+01
1.319999999999989448e+01
1.323999999999989363e+01
1.327999999999989278e+01
1.331999999999989193e+01
1.335999999999989107e+01
1.339999999999989022e+01
1.343999999999988937e+01
1.347999999999988852e+01
1.351999999999988766e+01
1.355999999999988681e+01
1.359999999999988596e+01
1.363999999999988511e+01
1.367999999999988425e+01
1.371999999999988340e+01
1.375999999999988255e+01
1.379999999999988169e+01
1.383999999999988084e+01
1.387999999999987999e+01
1.391999999999987914e+01
1.395999999999987828e+01
1.399999999999987743e+01
1.403999999999987658e+01
1.407999999999987573e+01
1.411999999999987487e+01
1.415999999999987402e+01
1.419999999999987317e+01
1.423999999999987232e+01
1.427999999999987146e+01
1.431999999999987061e+01
1.435999999999986976e+01
1.439999999999986890e+01
1.443999999999986805e+01
1.447999999999986720e+01
1.451999999999986635e+01
1.455999999999986549e+01
1.459999999999986464e+01
1.463999999999986379e+01
1.467999999999986294e+01
1.471999999999986208e+01
1.475999999999986123e+01
1.479999999999986038e+01
1.483999999999985953e+01
1.487999999999985867e+01
1.491999999999985782e+01
1.495999999999985697e+01
1.499999999999985612e+01
1.503999999999985526e+01
1.507999999999985441e+01
1.511999999999985356e+01
1.515999999999985270e+01
1.519999999999985185e+01
1.523999999999985100e+01
1.527999999999985015e+01
1.531999999999984929e+01
1.535999999999984844e+01
1.539999999999984759e+01
1.543999999999984674e+01
1.547999999999984588e+01
1.551999999999984503e+01
1.555999999999984418e+01
1.559999999999984333e+01
1.563999999999984247e+01
1.567999999999984162e+01
1.571999999999984077e+01
1.575999999999983991e+01
1.579999999999983906e+01
1.583999999999983821e+01
1.587999999999983736e+01
1.591999999999983650e+01
1.595999999999983565e+01
1.599999999999983480e+01
1.603999999999983572e+01
1.607999999999983487e+01
1.611999999999983402e+01
1.615999999999983316e+01
1.619999999999983231e+01
1.623999999999983146e+01
1.627999999999983061e+01
1.631999999999982975e+01
1.635999999999982890e+01
1.639999999999982805e+01
1.643999999999982720e+01
1.647999999999982634e+01
1.651999999999982549e+01
1.655999999999982464e+01
1.659999999999982379e+01
1.663999999999982293e+01
1.667999999999982208e+01
1.671999999999982123e+01
1.675999999999982037e+01
1.679999999999981952e+01
1.683999999999981867e+01
1.687999999999981782e+01
1.691999999999981696e+01
1.695999999999981611e+01
1.699999999999981526e+01
1.703999999999981441e+01
1.707999999999981355e+01
1.711999999999981270e+01
1.715999999999981185e+01
1.719999999999981100e+01
1.723999999999981014e+01
1.727999999999980929e+01
1.731999999999980844e+01
1.735999999999980759e+01
1.739999999999980673e+01
1.743999999999980588e+01
1.747999999999980503e+01
1.751999999999980417e+01
1.755999999999980332e+01
1.759999999999980247e+01
1.763999999999980162e+01
1.767999999999980076e+01
1.771999999999979991e+01
1.775999999999979906e+01
1.779999999999979821e+01
1.783999999999979735e+01
1.787999999999979650e+01
1.791999999999979565e+01
1.795999999999979480e+01
1.799999999999979394e+01
1.803999999999979309e+01
1.807999999999979224e+01
1.811999999999979138e+01
1.815999999999979053e+01
1.819999999999978968e+01
1.823999999999978883e+01
1.827999999999978797e+01
1.831999999999978712e+01
1.835999999999978627e+01
1.839999999999978542e+01
1.843999999999978456e+01
1.847999999999978371e+01
1.851999999999978286e+01
1.855999999999978201e+01
1.859999999999978115e+01
1.863999999999978030e+01
1.867999999999977945e+01
1.871999999999977859e+01
1.875999999999977774e+01
1.879999999999977689e+01
1.883999999999977604e+01
1.887999999999977518e+01
1.891999999999977433e+01
1.895999999999977348e+01
1.899999999999977263e+01
1.903999999999977177e+01
1.907999999999977092e+01
1.911999999999977007e+01
1.915999999999976922e+01
1.919999999999976836e+01
1.923999999999976751e+01
1.927999999999976666e+01
1.931999999999976581e+01
1.935999999999976495e+01
1.939999999999976410e+01
1.943999999999976325e+01
1.947999999999976239e+01
1.951999999999976154e+01
1.955999999999976069e+01
1.959999999999975984e+01
1.963999999999975898e+01
1.967999999999975813e+01
1.971999999999975728e+01
1.975999999999975643e+01
1.979999999999975557e+01
1.983999999999975472e+01
1.987999999999975387e+01
1.991999999999975302e+01
1.995999999999975216e+01
1.999999999999975131e+01
2.003999999999975046e+01
2.007999999999974960e+01
2.011999999999974875e+01
2.015999999999974790e+01
2.019999999999974705e+01
2.023999999999974619e+01
2.027999999999974534e+01
2.031999999999974449e+01
2.035999999999974364e+01
2.039999999999974278e+01
2.043999999999974193e+01
2.047999999999974108e+01
2.051999999999974023e+01
2.055999999999973937e+01
2.059999999999973852e+01
2.063999999999973767e+01
2.067999999999973681e+01
2.071999999999973596e+01
2.075999999999973511e+01
2.079999999999973426e+01
2.083999999999973340e+01
2.087999999999973255e+01
2.091999999999973170e+01
2.095999999999973085e+01
2.099999999999972999e+01
2.103999999999972914e+01
2.107999999999972829e+01
2.111999999999972744e+01
2.115999999999972658e+01
2.119999999999972573e+01
2.123999999999972488e+01
2.127999999999972403e+01
2.131999999999972317e+01
2.135999999999972232e+01
2.139999999999972147e+01
2.143999999999972061e+01
2.147999999999971976e+01
2.151999999999971891e+01
2.155999999999971806e+01
2.159999999999971720e+01
2.163999999999971635e+01
2.167999999999971550e+01
2.171999999999971465e+01
2.175999999999971379e+01
2.179999999999971294e+01
2.183999999999971209e+01
2.187999999999971124e+01
2.191999999999971038e+01
2.195999999999970953e+01
2.199999999999970868e+01
2.203999999999970782e+01
2.207999999999970697e+01
2.211999999999970612e+01
2.215999999999970527e+01
2.219999999999970441e+01
2.223999999999970356e+01
2.227999999999970271e+01
2.231999999999970186e+01
2.235999999999970100e+01
2.239999999999970015e+01
2.243999999999969930e+01
2.247999999999969845e+01
2.251999999999969759e+01
2.255999999999969674e+01
2.259999999999969589e+01
2.263999999999969504e+01
2.267999999999969418e+01
2.271999999999969333e+01
2.275999999999969248e+01
2.279999999999969162e+01
2.283999999999969077e+01
2.287999999999968992e+01
2.291999999999968907e+01
2.295999999999968821e+01
2.299999999999968736e+01
2.303999999999968651e+01
2.307999999999968566e+01
2.311999999999968480e+01
2.315999999999968395e+01
2.319999999999968310e+01
2.323999999999968225e+01
2.327999999999968139e+01
2.331999999999968054e+01
2.335999999999967969e+01
2.339999999999967883e+01
2.343999999999967798e+01
2.347999999999967713e+01
2.351999999999967628e+01
2.355999999999967542e+01
2.359999999999967457e+01
2.363999999999967372e+01
2.367999999999967287e+01
2.371999999999967201e+01
2.375999999999967116e+01
2.379999999999967031e+01
2.383999999999966946e+01
2.387999999999966860e+01
2.391999999999966775e+01
2.395999999999966690e+01
2.399999999999966604e+01
2.403999999999966519e+01
2.407999999999966434e+01
2.411999999999966349e+01
2.415999999999966263e+01
2.419999999999966178e+01
2.423999999999966093e+01
2.427999999999966008e+01
2.431999999999965922e+01
2.435999999999965837e+01
2.439999999999965752e+01
2.443999999999965667e+01
2.447999999999965581e+01
2.451999999999965496e+01
2.455999999999965411e+01
2.459999999999965326e+01
2.463999999999965240e+01
2.467999999999965155e+01
2.471999999999965070e+01
2.475999999999964984e+01
2.479999999999964899e+01
2.483999999999964814e+01
2.487999999999964729e+01
2.491999999999964643e+01
2.495999999999964558e+01
2.499999999999964473e+01
2.503999999999964388e+01
2.507999999999964302e+01
2.511999999999964217e+01
2.515999999999964132e+01
2.519999999999964047e+01
2.523999999999963961e+01
2.527999999999963876e+01
2.531999999999963791e+01
2.535999999999963705e+01
2.539999999999963620e+01
2.543999999999963535e+01
2.547999999999963450e+01
2.551999999999963364e+01
2.555999999999963279e+01
2.559999999999963194e+01
2.563999999999963109e+01
2.567999999999963023e+01
2.571999999999962938e+01
2.575999999999962853e+01
2.579999999999962768e+01
2.583999999999962682e+01
2.587999999999962597e+01
2.591999999999962512e+01
2.595999999999962427e+01
2.599999999999962341e+01
2.603999999999962256e+01
2.607999999999962171e+01
2.611999999999962085e+01
2.615999999999962000e+01
2.619999999999961915e+01
2.623999999999961830e+01
2.627999999999961744e+01
2.631999999999961659e+01
2.635999999999961574e+01
2.639999999999961489e+01
2.643999999999961403e+01
2.647999999999961318e+01
2.651999999999961233e+01
2.655999999999961148e+01
2.659999999999961062e+01
2.663999999999960977e+01
2.667999999999960892e+01
2.671999999999960806e+01
2.675999999999960721e+01
2.679999999999960636e+01
2.683999999999960551e+01
2.687999999999960465e+01
2.691999999999960380e+01
2.695999999999960295e+01
2.699999999999960210e+01
2.703999999999960124e+01
2.707999999999960039e+01
2.711999999999959954e+01
2.715999999999959869e+01
2.719999999999959783e+01
2.723999999999959698e+01
2.727999999999959613e+01
2.731999999999959527e+01
2.735999999999959442e+01
2.739999999999959357e+01
2.743999999999959272e+01
2.747999999999959186e+01
2.751999999999959101e+01
2.755999999999959016e+01
2.759999999999958931e+01
2.763999999999958845e+01
2.767999999999958760e+01
2.771999999999958675e+01
2.775999999999958590e+01
2.779999999999958504e+01
2.783999999999958419e+01
2.787999999999958334e+01
2.791999999999958249e+01
2.795999999999958163e+01
2.799999999999958078e+01
2.803999999999957993e+01
2.807999999999957907e+01
2.811999999999957822e+01
2.815999999999957737e+01
2.819999999999957652e+01
2.823999999999957566e+01
2.827999999999957481e+01
2.831999999999957396e+01
2.835999999999957311e+01
2.839999999999957225e+01
2.843999999999957140e+01
2.847999999999957055e+01
2.851999999999956970e+01
2.855999999999956884e+01
2.859999999999956799e+01
2.863999999999956714e+01
2.867999999999956628e+01
2.871999999999956543e+01
2.875999999999956458e+01
2.879999999999956373e+01
2.883999999999956287e+01
2.887999999999956202e+01
2.891999999999956117e+01
2.895999999999956032e+01
2.899999999999955946e+01
2.903999999999955861e+01
2.907999999999955776e+01
2.911999999999955691e+01
2.915999999999955605e+01
2.919999999999955520e+01
2.923999999999955435e+01
2.927999999999955349e+01
2.931999999999955264e+01
2.935999999999955179e+01
2.939999999999955094e+01
2.943999999999955008e+01
2.947999999999954923e+01
2.951999999999954838e+01
2.955999999999954753e+01
2.959999999999954667e+01
2.963999999999954582e+01
2.967999999999954497e+01
2.971999999999954412e+01
2.975999999999954326e+01
2.979999999999954241e+01
2.983999999999954156e+01
2.987999999999954071e+01
2.991999999999953985e+01
2.995999999999953900e+01
2.999999999999953815e+01
3.003999999999953729e+01
3.007999999999953644e+01
3.011999999999953559e+01
3.015999999999953474e+01
3.019999999999953388e+01
3.023999999999953303e+01
3.027999999999953218e+01
3.031999999999953133e+01
3.035999999999953047e+01
3.039999999999952962e+01
3.043999999999952877e+01
3.047999999999952792e+01
3.051999999999952706e+01
3.055999999999952621e+01
3.059999999999952536e+01
3.063999999999952450e+01
3.067999999999952365e+01
3.071999999999952280e+01
3.075999999999952195e+01
3.079999999999952109e+01
3.083999999999952024e+01
3.087999999999951939e+01
3.091999999999951854e+01
3.095999999999951768e+01
3.099999999999951683e+01
3.103999999999951598e+01
3.107999999999951513e+01
3.111999999999951427e+01
3.115999999999951342e+01
3.119999999999951257e+01
3.123999999999951172e+01
3.127999999999951086e+01
3.131999999999951001e+01
3.135999999999950916e+01
3.139999999999950830e+01
3.143999999999950745e+01
3.147999999999950660e+01
3.151999999999950575e+01
3.155999999999950489e+01
3.159999999999950404e+01
3.163999999999950319e+01
3.167999999999950234e+01
3.171999999999950148e+01
3.175999999999950063e+01
3.179999999999949978e+01
3.183999999999949893e+01
3.187999999999949807e+01
3.191999999999949722e+01
3.195999999999949637e+01
3.199999999999949551e+01
3.203999999999949466e+01
3.207999999999949381e+01
3.211999999999949296e+01
3.215999999999949210e+01
3.219999999999949125e+01
3.223999999999949040e+01
3.227999999999948955e+01
3.231999999999948869e+01
3.235999999999948784e+01
3.239999999999948699e+01
3.243999999999948614e+01
3.247999999999948528e+01
3.251999999999948443e+01
3.255999999999948358e+01
3.259999999999948272e+01
3.263999999999948187e+01
3.267999999999948102e+01
3.271999999999948017e+01
3.275999999999947931e+01
3.279999999999947846e+01
3.283999999999947761e+01
3.287999999999947676e+01
3.291999999999947590e+01
3.295999999999947505e+01
3.299999999999947420e+01
3.303999999999947335e+01
3.307999999999947249e+01
3.311999999999947164e+01
3.315999999999947079e+01
3.319999999999946994e+01
3.323999999999946908e+01
3.327999999999946823e+01
3.331999999999946738e+01
3.335999999999946652e+01
3.339999999999946567e+01
3.343999999999946482e+01
3.347999999999946397e+01
3.351999999999946311e+01
3.355999999999946226e+01
3.359999999999946141e+01
3.363999999999946056e+01
3.367999999999945970e+01
3.371999999999945885e+01
3.375999999999945800e+01
3.379999999999945715e+01
3.383999999999945629e+01
3.387999999999945544e+01
3.391999999999945459e+01
3.395999999999945373e+01
3.399999999999945288e+01
3.403999999999945203e+01
3.407999999999945118e+01
3.411999999999945032e+01
3.415999999999944947e+01
3.419999999999944862e+01
3.423999999999944777e+01
3.427999999999944691e+01
3.431999999999944606e+01
3.435999999999944521e+01
3.439999999999944436e+01
3.443999999999944350e+01
3.447999999999944265e+01
3.451999999999944180e+01
3.455999999999944094e+01
3.459999999999944009e+01
3.463999999999943924e+01
3.467999999999943839e+01
3.471999999999943753e+01
3.475999999999943668e+01
3.479999999999943583e+01
3.483999999999943498e+01
3.487999999999943412e+01
3.491999999999943327e+01
3.495999999999943242e+01
3.499999999999943157e+01
3.503999999999943071e+01
3.507999999999942986e+01
3.511999999999942901e+01
3.515999999999942816e+01
3.519999999999942730e+01
3.523999999999942645e+01
3.527999999999942560e+01
3.531999999999942474e+01
3.535999999999942389e+01
3.539999999999942304e+01
3.543999999999942219e+01
3.547999999999942133e+01
3.551999999999942048e+01
3.555999999999941963e+01
3.559999999999941878e+01
3.563999999999941792e+01
3.567999999999941707e+01
3.571999999999941622e+01
3.575999999999941537e+01
3.579999999999941451e+01
3.583999999999941366e+01
3.587999999999941281e+01
3.591999999999941195e+01
3.595999999999941110e+01
3.599999999999941025e+01
3.603999999999940940e+01
3.607999999999940854e+01
3.611999999999940769e+01
3.615999999999940684e+01
3.619999999999940599e+01
3.623999999999940513e+01
3.627999999999940428e+01
3.631999999999940343e+01
3.635999999999940258e+01
3.639999999999940172e+01
3.643999999999940087e+01
3.647999999999940002e+01
3.651999999999939917e+01
3.655999999999939831e+01
3.659999999999939746e+01
3.663999999999939661e+01
3.667999999999939575e+01
3.671999999999939490e+01
3.675999999999939405e+01
3.679999999999939320e+01
3.683999999999939234e+01
3.687999999999939149e+01
3.691999999999939064e+01
3.695999999999938979e+01
3.699999999999938893e+01
3.703999999999938808e+01
3.707999999999938723e+01
3.711999999999938638e+01
3.715999999999938552e+01
3.719999999999938467e+01
3.723999999999938382e+01
3.727999999999938296e+01
3.731999999999938211e+01
3.735999999999938126e+01
3.739999999999938041e+01
3.743999999999937955e+01
3.747999999999937870e+01
3.751999999999937785e+01
3.755999999999937700e+01
3.759999999999937614e+01
3.763999999999937529e+01
3.767999999999937444e+01
3.771999999999937359e+01
3.775999999999937273e+01
3.779999999999937188e+01
3.783999999999937103e+01
3.787999999999937017e+01
3.791999999999936932e+01
3.795999999999936847e+01
3.799999999999936762e+01
3.803999999999936676e+01
3.807999999999936591e+01
3.811999999999936506e+01
3.815999999999936421e+01
3.819999999999936335e+01
3.823999999999936250e+01
3.827999999999936165e+01
3.831999999999936080e+01
3.835999999999935994e+01
3.839999999999935909e+01
3.843999999999935824e+01
3.847999999999935739e+01
3.851999999999935653e+01
3.855999999999935568e+01
3.859999999999935483e+01
3.863999999999935397e+01
3.867999999999935312e+01
3.871999999999935227e+01
3.875999999999935142e+01
3.879999999999935056e+01
3.883999999999934971e+01
3.887999999999934886e+01
3.891999999999934801e+01
3.895999999999934715e+01
3.899999999999934630e+01
3.903999999999934545e+01
3.907999999999934460e+01
3.911999999999934374e+01
3.915999999999934289e+01
3.919999999999934204e+01
3.923999999999934118e+01
3.927999999999934033e+01
3.931999999999933948e+01
3.935999999999933863e+01
3.939999999999933777e+01
3.943999999999933692e+01
3.947999999999933607e+01
3.951999999999933522e+01
3.955999999999933436e+01
3.959999999999933351e+01
3.963999999999933266e+01
3.967999999999933181e+01
3.971999999999933095e+01
3.975999999999933010e+01
3.979999999999932925e+01
3.983999999999932840e+01
3.987999999999932754e+01
3.991999999999932669e+01
3.995999999999932584e+01
3.999999999999932498e+01
4.003999999999932413e+01
4.007999999999932328e+01
4.011999999999932243e+01
4.015999999999932157e+01
4.019999999999932072e+01
4.023999999999931987e+01
4.027999999999931902e+01
4.031999999999931816e+01
4.035999999999931731e+01
4.039999999999931646e+01
4.043999999999931561e+01
4.047999999999931475e+01
4.051999999999931390e+01
4.055999999999931305e+01
4.059999999999931219e+01
4.063999999999931134e+01
4.067999999999931049e+01
4.071999999999930964e+01
4.075999999999930878e+01
4.079999999999930793e+01
4.083999999999930708e+01
4.087999999999930623e+01
4.091999999999930537e+01
4.095999999999930452e+01
4.099999999999930367e+01
4.103999999999930282e+01
4.107999999999930196e+01
4.111999999999930111e+01
4.115999999999930026e+01
4.119999999999929940e+01
4.123999999999929855e+01
4.127999999999929770e+01
4.131999999999929685e+01
4.135999999999929599e+01
4.139999999999929514e+01
4.143999999999929429e+01
4.147999999999929344e+01
4.151999999999929258e+01
4.155999999999929173e+01
4.159999999999929088e+01
4.163999999999929003e+01
4.167999999999928917e+01
4.171999999999928832e+01
4.175999999999928747e+01
4.179999999999928662e+01
4.183999999999928576e+01
4.187999999999928491e+01
4.191999999999928406e+01
4.195999999999928320e+01
4.199999999999928235e+01
4.203999999999928150e+01
4.207999999999928065e+01
4.211999999999927979e+01
4.215999999999927894e+01
4.219999999999927809e+01
4.223999999999927724e+01
4.227999999999927638e+01
4.231999999999927553e+01
4.235999999999927468e+01
4.239999999999927383e+01
4.243999999999927297e+01
4.247999999999927212e+01
4.251999999999927127e+01
4.255999999999927041e+01
4.259999999999926956e+01
4.263999999999926871e+01
4.267999999999926786e+01
4.271999999999926700e+01
4.275999999999926615e+01
4.279999999999926530e+01
4.283999999999926445e+01
4.287999999999926359e+01
4.291999999999926274e+01
4.295999999999926189e+01
4.299999999999926104e+01
4.303999999999926018e+01
4.307999999999925933e+01
4.311999999999925848e+01
4.315999999999925762e+01
4.319999999999925677e+01
4.323999999999925592e+01
4.327999999999925507e+01
4.331999999999925421e+01
4.335999999999925336e+01
4.339999999999925251e+01
4.343999999999925166e+01
4.347999999999925080e+01
4.351999999999924995e+01
4.355999999999924910e+01
4.359999999999924825e+01
4.363999999999924739e+01
4.367999999999924654e+01
4.371999999999924569e+01
4.375999999999924484e+01
4.379999999999924398e+01
4.383999999999924313e+01
4.387999999999924228e+01
4.391999999999924142e+01
4.395999999999924057e+01
4.399999999999923972e+01
4.403999999999923887e+01
4.407999999999923801e+01
4.411999999999923716e+01
4.415999999999923631e+01
4.419999999999923546e+01
4.423999999999923460e+01
4.427999999999923375e+01
4.431999999999923290e+01
4.435999999999923205e+01
4.439999999999923119e+01
4.443999999999923034e+01
4.447999999999922949e+01
4.451999999999922863e+01
4.455999999999922778e+01
4.459999999999922693e+01
4.463999999999922608e+01
4.467999999999922522e+01
4.471999999999922437e+01
4.475999999999922352e+01
4.479999999999922267e+01
4.483999999999922181e+01
4.487999999999922096e+01
4.491999999999922011e+01
4.495999999999921926e+01
4.499999999999921840e+01
4.503999999999921755e+01
4.507999999999921670e+01
4.511999999999921585e+01
4.515999999999921499e+01
4.519999999999921414e+01
4.523999999999921329e+01
4.527999999999921243e+01
4.531999999999921158e+01
4.535999999999921073e+01
4.539999999999920988e+01
4.543999999999920902e+01
4.547999999999920817e+01
4.551999999999920732e+01
4.555999999999920647e+01
4.559999999999920561e+01
4.563999999999920476e+01
4.567999999999920391e+01
4.571999999999920306e+01
4.575999999999920220e+01
4.579999999999920135e+01
4.583999999999920050e+01
4.587999999999919964e+01
4.591999999999919879e+01
4.595999999999919794e+01
4.599999999999919709e+01
4.603999999999919623e+01
4.607999999999919538e+01
4.611999999999919453e+01
4.615999999999919368e+01
4.619999999999919282e+01
4.623999999999919197e+01
4.627999999999919112e+01
4.631999999999919027e+01
4.635999999999918941e+01
4.639999999999918856e+01
4.643999999999918771e+01
4.647999999999918685e+01
4.651999999999918600e+01
4.655999999999918515e+01
4.659999999999918430e+01
4.663999999999918344e+01
4.667999999999918259e+01
4.671999999999918174e+01
4.675999999999918089e+01
4.679999999999918003e+01
4.683999999999917918e+01
4.687999999999917833e+01
4.691999999999917748e+01
4.695999999999917662e+01
4.699999999999917577e+01
4.703999999999917492e+01
4.707999999999917407e+01
4.711999999999917321e+01
4.715999999999917236e+01
4.719999999999917151e+01
4.723999999999917065e+01
4.727999999999916980e+01
4.731999999999916895e+01
4.735999999999916810e+01
4.739999999999916724e+01
4.743999999999916639e+01
4.747999999999916554e+01
4.751999999999916469e+01
4.755999999999916383e+01
4.759999999999916298e+01
4.763999999999916213e+01
4.767999999999916128e+01
4.771999999999916042e+01
4.775999999999915957e+01
4.779999999999915872e+01
4.783999999999915786e+01
4.787999999999915701e+01
4.791999999999915616e+01
4.795999999999915531e+01
4.799999999999915445e+01
4.803999999999915360e+01
4.807999999999915275e+01
4.811999999999915190e+01
4.815999999999915104e+01
4.819999999999915019e+01
4.823999999999914934e+01
4.827999999999914849e+01
4.831999999999914763e+01
4.835999999999914678e+01
4.839999999999914593e+01
4.843999999999914507e+01
4.847999999999914422e+01
4.851999999999914337e+01
4.855999999999914252e+01
4.859999999999914166e+01
4.863999999999914081e+01
4.867999999999913996e+01
4.871999999999913911e+01
4.875999999999913825e+01
4.879999999999913740e+01
4.883999999999913655e+01
4.887999999999913570e+01
4.891999999999913484e+01
4.895999999999913399e+01
4.899999999999913314e+01
4.903999999999913229e+01
4.907999999999913143e+01
4.911999999999913058e+01
4.915999999999912973e+01
4.919999999999912887e+01
4.923999999999912802e+01
4.927999999999912717e+01
4.931999999999912632e+01
4.935999999999912546e+01
4.939999999999912461e+01
4.943999999999912376e+01
4.947999999999912291e+01
4.951999999999912205e+01
4.955999999999912120e+01
4.959999999999912035e+01
4.963999999999911950e+01
4.967999999999911864e+01
4.971999999999911779e+01
4.975999999999911694e+01
4.979999999999911608e+01
4.983999999999911523e+01
4.987999999999911438e+01
4.991999999999911353e+01
4.995999999999911267e+01
4.999999999999911182e+01
5.003999999999911097e+01
5.007999999999911012e+01
5.011999999999910926e+01
5.015999999999910841e+01
5.019999999999910756e+01
5.023999999999910671e+01
5.027999999999910585e+01
5.031999999999910500e+01
5.035999999999910415e+01
5.039999999999910330e+01
5.043999999999910244e+01
5.047999999999910159e+01
5.051999999999910074e+01
5.055999999999909988e+01
5.059999999999909903e+01
5.063999999999909818e+01
5.067999999999909733e+01
5.071999999999909647e+01
5.075999999999909562e+01
5.079999999999909477e+01
5.083999999999909392e+01
5.087999999999909306e+01
5.091999999999909221e+01
5.095999999999909136e+01
5.099999999999909051e+01
5.103999999999908965e+01
5.107999999999908880e+01
5.111999999999908795e+01
5.115999999999908709e+01
5.119999999999908624e+01
5.123999999999908539e+01
5.127999999999908454e+01
5.131999999999908368e+01
5.135999999999908283e+01
5.139999999999908198e+01
5.143999999999908113e+01
5.147999999999908027e+01
5.151999999999907942e+01
5.155999999999907857e+01
5.159999999999907772e+01
5.163999999999907686e+01
5.167999999999907601e+01
5.171999999999907516e+01
5.175999999999907430e+01
5.179999999999907345e+01
5.183999999999907260e+01
5.187999999999907175e+01
5.191999999999907089e+01
5.195999999999907004e+01
5.199999999999906919e+01
5.203999999999906834e+01
5.207999999999906748e+01
5.211999999999906663e+01
5.215999999999906578e+01
5.219999999999906493e+01
5.223999999999906407e+01
5.227999999999906322e+01
5.231999999999906237e+01
5.235999999999906152e+01
5.239999999999906066e+01
5.243999999999905981e+01
5.247999999999905896e+01
5.251999999999905810e+01
5.255999999999905725e+01
5.259999999999905640e+01
5.263999999999905555e+01
5.267999999999905469e+01
5.271999999999905384e+01
5.275999999999905299e+01
5.279999999999905214e+01
5.283999999999905128e+01
5.287999999999905043e+01
5.291999999999904958e+01
5.295999999999904873e+01
5.299999999999904787e+01
5.303999999999904702e+01
5.307999999999904617e+01
5.311999999999904531e+01
5.315999999999904446e+01
5.319999999999904361e+01
5.323999999999904276e+01
5.327999999999904190e+01
5.331999999999904105e+01
5.335999999999904020e+01
5.339999999999903935e+01
5.343999999999903849e+01
5.347999999999903764e+01
5.351999999999903679e+01
5.355999999999903594e+01
5.359999999999903508e+01
5.363999999999903423e+01
5.367999999999903338e+01
5.371999999999903253e+01
5.375999999999903167e+01
5.379999999999903082e+01
5.383999999999902997e+01
5.387999999999902911e+01
5.391999999999902826e+01
5.395999999999902741e+01
5.399999999999902656e+01
5.403999999999902570e+01
5.407999999999902485e+01
5.411999999999902400e+01
5.415999999999902315e+01
5.419999999999902229e+01
5.423999999999902144e+01
5.427999999999902059e+01
5.431999999999901974e+01
5.435999999999901888e+01
5.439999999999901803e+01
5.443999999999901718e+01
5.447999999999901632e+01
5.451999999999901547e+01
5.455999999999901462e+01
5.459999999999901377e+01
5.463999999999901291e+01
5.467999999999901206e+01
5.471999999999901121e+01
5.475999999999901036e+01
5.479999999999900950e+01
5.483999999999900865e+01
5.487999999999900780e+01
5.491999999999900695e+01
5.495999999999900609e+01
5.499999999999900524e+01
5.503999999999900439e+01
5.507999999999900353e+01
5.511999999999900268e+01
5.515999999999900183e+01
5.519999999999900098e+01
5.523999999999900012e+01
5.527999999999899927e+01
5.531999999999899842e+01
5.535999999999899757e+01
5.539999999999899671e+01
5.543999999999899586e+01
5.547999999999899501e+01
5.551999999999899416e+01
5.555999999999899330e+01
5.559999999999899245e+01
5.563999999999899160e+01
5.567999999999899075e+01
5.571999999999898989e+01
5.575999999999898904e+01
5.579999999999898819e+01
5.583999999999898733e+01
5.587999999999898648e+01
5.591999999999898563e+01
5.595999999999898478e+01
5.599999999999898392e+01
5.603999999999898307e+01
5.607999999999898222e+01
5.611999999999898137e+01
5.615999999999898051e+01
5.619999999999897966e+01
5.623999999999897881e+01
5.627999999999897796e+01
5.631999999999897710e+01
5.635999999999897625e+01
5.639999999999897540e+01
5.643999999999897454e+01
5.647999999999897369e+01
5.651999999999897284e+01
5.655999999999897199e+01
5.659999999999897113e+01
5.663999999999897028e+01
5.667999999999896943e+01
5.671999999999896858e+01
5.675999999999896772e+01
5.679999999999896687e+01
5.683999999999896602e+01
5.687999999999896517e+01
5.691999999999896431e+01
5.695999999999896346e+01
5.699999999999896261e+01
5.703999999999896175e+01
5.707999999999896090e+01
5.711999999999896005e+01
5.715999999999895920e+01
5.719999999999895834e+01
5.723999999999895749e+01
5.727999999999895664e+01
5.731999999999895579e+01
5.735999999999895493e+01
5.739999999999895408e+01
5.743999999999895323e+01
5.747999999999895238e+01
5.751999999999895152e+01
5.755999999999895067e+01
5.759999999999894982e+01
5.763999999999894897e+01
5.767999999999894811e+01
5.771999999999894726e+01
5.775999999999894641e+01
5.779999999999894555e+01
5.783999999999894470e+01
5.787999999999894385e+01
5.791999999999894300e+01
5.795999999999894214e+01
5.799999999999894129e+01
5.803999999999894044e+01
5.807999999999893959e+01
5.811999999999893873e+01
5.815999999999893788e+01
5.819999999999893703e+01
5.823999999999893618e+01
5.827999999999893532e+01
5.831999999999893447e+01
5.835999999999893362e+01
5.839999999999893276e+01
5.843999999999893191e+01
5.847999999999893106e+01
5.851999999999893021e+01
5.855999999999892935e+01
5.859999999999892850e+01
5.863999999999892765e+01
5.867999999999892680e+01
5.871999999999892594e+01
5.875999999999892509e+01
5.879999999999892424e+01
5.883999999999892339e+01
5.887999999999892253e+01
5.891999999999892168e+01
5.895999999999892083e+01
5.899999999999891998e+01
5.903999999999891912e+01
5.907999999999891827e+01
5.911999999999891742e+01
5.915999999999891656e+01
5.919999999999891571e+01
5.923999999999891486e+01
5.927999999999891401e+01
5.931999999999891315e+01
5.935999999999891230e+01
5.939999999999891145e+01
5.943999999999891060e+01
5.947999999999890974e+01
5.951999999999890889e+01
5.955999999999890804e+01
5.959999999999890719e+01
5.963999999999890633e+01
5.967999999999890548e+01
5.971999999999890463e+01
5.975999999999890377e+01
5.979999999999890292e+01
5.983999999999890207e+01
5.987999999999890122e+01
5.991999999999890036e+01
5.995999999999889951e+01
5.999999999999889866e+01
6.003999999999889781e+01
6.007999999999889695e+01
6.011999999999889610e+01
6.015999999999889525e+01
6.019999999999889440e+01
6.023999999999889354e+01
6.027999999999889269e+01
6.031999999999889184e+01
6.035999999999889098e+01
6.039999999999889013e+01
6.043999999999888928e+01
6.047999999999888843e+01
6.051999999999888757e+01
6.055999999999888672e+01
6.059999999999888587e+01
6.063999999999888502e+01
6.067999999999888416e+01
6.071999999999888331e+01
6.075999999999888246e+01
6.079999999999888161e+01
6.083999999999888075e+01
6.087999999999887990e+01
6.091999999999887905e+01
6.095999999999887820e+01
6.099999999999887734e+01
6.103999999999887649e+01
6.107999999999887564e+01
6.111999999999887478e+01
6.115999999999887393e+01
6.119999999999887308e+01
6.123999999999887223e+01
6.127999999999887137e+01
6.131999999999887052e+01
6.135999999999886967e+01
6.139999999999886882e+01
6.143999999999886796e+01
6.147999999999886711e+01
6.151999999999886626e+01
6.155999999999886541e+01
6.159999999999886455e+01
6.163999999999886370e+01
6.167999999999886285e+01
6.171999999999886199e+01
6.175999999999886114e+01
6.179999999999886029e+01
6.183999999999885944e+01
6.187999999999885858e+01
6.191999999999885773e+01
6.195999999999885688e+01
6.199999999999885603e+01
6.203999999999885517e+01
6.207999999999885432e+01
6.211999999999885347e+01
6.215999999999885262e+01
6.219999999999885176e+01
6.223999999999885091e+01
6.227999999999885006e+01
6.231999999999884920e+01
6.235999999999884835e+01
6.239999999999884750e+01
6.243999999999884665e+01
6.247999999999884579e+01
6.251999999999884494e+01
6.255999999999884409e+01
6.259999999999884324e+01
6.263999999999884238e+01
6.267999999999884153e+01
6.271999999999884068e+01
6.275999999999883983e+01
6.279999999999883897e+01
6.283999999999883812e+01
6.287999999999883727e+01
6.291999999999883642e+01
6.295999999999883556e+01
6.299999999999883471e+01
6.303999999999883386e+01
6.307999999999883300e+01
6.311999999999883215e+01
6.315999999999883130e+01
6.319999999999883045e+01
6.323999999999882959e+01
6.327999999999882874e+01
6.331999999999882789e+01
6.335999999999882704e+01
6.339999999999882618e+01
6.343999999999882533e+01
6.347999999999882448e+01
6.351999999999882363e+01
6.355999999999882277e+01
6.359999999999882192e+01
6.363999999999882107e+01
6.367999999999882021e+01
6.371999999999881936e+01
6.375999999999881851e+01
6.379999999999881766e+01
6.383999999999881680e+01
6.387999999999881595e+01
6.391999999999881510e+01
6.395999999999881425e+01
6.399999999999881339e+01
6.403999999999881254e+01
6.407999999999881879e+01
6.411999999999882505e+01
6.415999999999883130e+01
6.419999999999883755e+01
6.423999999999884380e+01
6.427999999999885006e+01
6.431999999999885631e+01
6.435999999999886256e+01
6.439999999999886882e+01
6.443999999999887507e+01
6.447999999999888132e+01
6.451999999999888757e+01
6.455999999999889383e+01
6.459999999999890008e+01
6.463999999999890633e+01
6.467999999999891259e+01
6.471999999999891884e+01
6.475999999999892509e+01
6.479999999999893134e+01
6.483999999999893760e+01
6.487999999999894385e+01
6.491999999999895010e+01
6.495999999999895635e+01
6.499999999999896261e+01
6.503999999999896886e+01
6.507999999999897511e+01
6.511999999999898137e+01
6.515999999999898762e+01
6.519999999999899387e+01
6.523999999999900012e+01
6.527999999999900638e+01
6.531999999999901263e+01
6.535999999999901888e+01
6.539999999999902514e+01
6.543999999999903139e+01
6.547999999999903764e+01
6.551999999999904389e+01
6.555999999999905015e+01
6.559999999999905640e+01
6.563999999999906265e+01
6.567999999999906890e+01
6.571999999999907516e+01
6.575999999999908141e+01
6.579999999999908766e+01
6.583999999999909392e+01
6.587999999999910017e+01
6.591999999999910642e+01
6.595999999999911267e+01
6.599999999999911893e+01
6.603999999999912518e+01
6.607999999999913143e+01
6.611999999999913769e+01
6.615999999999914394e+01
6.619999999999915019e+01
6.623999999999915644e+01
6.627999999999916270e+01
6.631999999999916895e+01
6.635999999999917520e+01
6.639999999999918145e+01
6.643999999999918771e+01
6.647999999999919396e+01
6.651999999999920021e+01
6.655999999999920647e+01
6.659999999999921272e+01
6.663999999999921897e+01
6.667999999999922522e+01
6.671999999999923148e+01
6.675999999999923773e+01
6.679999999999924398e+01
6.683999999999925024e+01
6.687999999999925649e+01
6.691999999999926274e+01
6.695999999999926899e+01
6.699999999999927525e+01
6.703999999999928150e+01
6.707999999999928775e+01
6.711999999999929400e+01
6.715999999999930026e+01
6.719999999999930651e+01
6.723999999999931276e+01
6.727999999999931902e+01
6.731999999999932527e+01
6.735999999999933152e+01
6.739999999999933777e+01
6.743999999999934403e+01
6.747999999999935028e+01
6.751999999999935653e+01
6.755999999999936279e+01
6.759999999999936904e+01
6.763999999999937529e+01
6.767999999999938154e+01
6.771999999999938780e+01
6.775999999999939405e+01
6.779999999999940030e+01
6.783999999999940655e+01
6.787999999999941281e+01
6.791999999999941906e+01
6.795999999999942531e+01
6.799999999999943157e+01
6.803999999999943782e+01
6.807999999999944407e+01
6.811999999999945032e+01
6.815999999999945658e+01
6.819999999999946283e+01
6.823999999999946908e+01
6.827999999999947534e+01
6.831999999999948159e+01
6.835999999999948784e+01
6.839999999999949409e+01
6.843999999999950035e+01
6.847999999999950660e+01
6.851999999999951285e+01
6.855999999999951910e+01
6.859999999999952536e+01
6.863999999999953161e+01
6.867999999999953786e+01
6.871999999999954412e+01
6.875999999999955037e+01
6.879999999999955662e+01
6.883999999999956287e+01
6.887999999999956913e+01
6.891999999999957538e+01
6.895999999999958163e+01
6.899999999999958789e+01
6.903999999999959414e+01
6.907999999999960039e+01
6.911999999999960664e+01
6.915999999999961290e+01
6.919999999999961915e+01
6.923999999999962540e+01
6.927999999999963165e+01
6.931999999999963791e+01
6.935999999999964416e+01
6.939999999999965041e+01
6.943999999999965667e+01
6.947999999999966292e+01
6.951999999999966917e+01
6.955999999999967542e+01
6.959999999999968168e+01
6.963999999999968793e+01
6.967999999999969418e+01
6.971999999999970044e+01
6.975999999999970669e+01
6.979999999999971294e+01
6.983999999999971919e+01
6.987999999999972545e+01
6.991999999999973170e+01
6.995999999999973795e+01
6.999999999999974420e+01
7.003999999999975046e+01
7.007999999999975671e+01
7.011999999999976296e+01
7.015999999999976922e+01
7.019999999999977547e+01
7.023999999999978172e+01
7.027999999999978797e+01
7.031999999999979423e+01
7.035999999999980048e+01
7.039999999999980673e+01
7.043999999999981299e+01
7.047999999999981924e+01
7.051999999999982549e+01
7.055999999999983174e+01
7.059999999999983800e+01
7.063999999999984425e+01
7.067999999999985050e+01
7.071999999999985675e+01
7.075999999999986301e+01
7.079999999999986926e+01
7.083999999999987551e+01
7.087999999999988177e+01
7.091999999999988802e+01
7.095999999999989427e+01
7.099999999999990052e+01
7.103999999999990678e+01
7.107999999999991303e+01
7.111999999999991928e+01
7.115999999999992554e+01
7.119999999999993179e+01
7.123999999999993804e+01
7.127999999999994429e+01
7.131999999999995055e+01
7.135999999999995680e+01
7.139999999999996305e+01
7.143999999999996930e+01
7.147999999999997556e+01
7.151999999999998181e+01
7.155999999999998806e+01
7.159999999999999432e+01
7.164000000000000057e+01
7.168000000000000682e+01
7.172000000000001307e+01
7.176000000000001933e+01
7.180000000000002558e+01
7.184000000000003183e+01
7.188000000000003809e+01
7.192000000000004434e+01
7.196000000000005059e+01
7.200000000000005684e+01
7.204000000000006310e+01
7.208000000000006935e+01
7.212000000000007560e+01
7.216000000000008185e+01
7.220000000000008811e+01
7.224000000000009436e+01
7.228000000000010061e+01
7.232000000000010687e+01
7.236000000000011312e+01
7.240000000000011937e+01
7.244000000000012562e+01
7.248000000000013188e+01
7.252000000000013813e+01
7.256000000000014438e+01
7.260000000000015064e+01
7.264000000000015689e+01
7.268000000000016314e+01
7.272000000000016939e+01
7.276000000000017565e+01
7.280000000000018190e+01
7.284000000000018815e+01
7.288000000000019440e+01
7.292000000000020066e+01
7.296000000000020691e+01
7.300000000000021316e+01
7.304000000000021942e+01
7.308000000000022567e+01
7.312000000000023192e+01
7.316000000000023817e+01
7.320000000000024443e+01
7.324000000000025068e+01
7.328000000000025693e+01
7.332000000000026319e+01
7.336000000000026944e+01
7.340000000000027569e+01
7.344000000000028194e+01
7.348000000000028820e+01
7.352000000000029445e+01
7.356000000000030070e+01
7.360000000000030695e+01
7.364000000000031321e+01
7.368000000000031946e+01
7.372000000000032571e+01
7.376000000000033197e+01
7.380000000000033822e+01
7.384000000000034447e+01
7.388000000000035072e+01
7.392000000000035698e+01
7.396000000000036323e+01
7.400000000000036948e+01
7.404000000000037573e+01
7.408000000000038199e+01
7.412000000000038824e+01
7.416000000000039449e+01
7.420000000000040075e+01
7.424000000000040700e+01
7.428000000000041325e+01
7.432000000000041950e+01
7.436000000000042576e+01
7.440000000000043201e+01
7.444000000000043826e+01
7.448000000000044452e+01
7.452000000000045077e+01
7.456000000000045702e+01
7.460000000000046327e+01
7.464000000000046953e+01
7.468000000000047578e+01
7.472000000000048203e+01
7.476000000000048828e+01
7.480000000000049454e+01
7.484000000000050079e+01
7.488000000000050704e+01
7.492000000000051330e+01
7.496000000000051955e+01
7.500000000000052580e+01
7.504000000000053205e+01
7.508000000000053831e+01
7.512000000000054456e+01
7.516000000000055081e+01
7.520000000000055707e+01
7.524000000000056332e+01
7.528000000000056957e+01
7.532000000000057582e+01
7.536000000000058208e+01
7.540000000000058833e+01
7.544000000000059458e+01
7.548000000000060083e+01
7.552000000000060709e+01
7.556000000000061334e+01
7.560000000000061959e+01
7.564000000000062585e+01
7.568000000000063210e+01
7.572000000000063835e+01
7.576000000000064460e+01
7.580000000000065086e+01
7.584000000000065711e+01
7.588000000000066336e+01
7.592000000000066962e+01
7.596000000000067587e+01
7.600000000000068212e+01
7.604000000000068837e+01
7.608000000000069463e+01
7.612000000000070088e+01
7.616000000000070713e+01
7.620000000000071338e+01
7.624000000000071964e+01
7.628000000000072589e+01
7.632000000000073214e+01
7.636000000000073840e+01
7.640000000000074465e+01
7.644000000000075090e+01
7.648000000000075715e+01
7.652000000000076341e+01
7.656000000000076966e+01
7.660000000000077591e+01
7.664000000000078217e+01
7.668000000000078842e+01
7.672000000000079467e+01
7.676000000000080092e+01
7.680000000000080718e+01
7.684000000000081343e+01
7.688000000000081968e+01
7.692000000000082593e+01
7.696000000000083219e+01
7.700000000000083844e+01
7.704000000000084469e+01
7.708000000000085095e+01
7.712000000000085720e+01
7.716000000000086345e+01
7.720000000000086970e+01
7.724000000000087596e+01
7.728000000000088221e+01
7.732000000000088846e+01
7.736000000000089472e+01
7.740000000000090097e+01
7.744000000000090722e+01
7.748000000000091347e+01
7.752000000000091973e+01
7.756000000000092598e+01
7.760000000000093223e+01
7.764000000000093848e+01
7.768000000000094474e+01
7.772000000000095099e+01
7.776000000000095724e+01
7.780000000000096350e+01
7.784000000000096975e+01
7.788000000000097600e+01
7.792000000000098225e+01
7.796000000000098851e+01
7.800000000000099476e+01
7.804000000000100101e+01
7.808000000000100727e+01
7.812000000000101352e+01
7.816000000000101977e+01
7.820000000000102602e+01
7.824000000000103228e+01
7.828000000000103853e+01
7.832000000000104478e+01
7.836000000000105103e+01
7.840000000000105729e+01
7.844000000000106354e+01
7.848000000000106979e+01
7.852000000000107605e+01
7.856000000000108230e+01
7.860000000000108855e+01
7.864000000000109480e+01
7.868000000000110106e+01
7.872000000000110731e+01
7.876000000000111356e+01
7.880000000000111982e+01
7.884000000000112607e+01
7.888000000000113232e+01
7.892000000000113857e+01
7.896000000000114483e+01
7.900000000000115108e+01
7.904000000000115733e+01
7.908000000000116358e+01
7.912000000000116984e+01
7.916000000000117609e+01
7.920000000000118234e+01
7.924000000000118860e+01
7.928000000000119485e+01
7.932000000000120110e+01
7.936000000000120735e+01
7.940000000000121361e+01
7.944000000000121986e+01
7.948000000000122611e+01
7.952000000000123237e+01
7.956000000000123862e+01
7.960000000000124487e+01
7.964000000000125112e+01
7.968000000000125738e+01
7.972000000000126363e+01
7.976000000000126988e+01
7.980000000000127613e+01
7.984000000000128239e+01
7.988000000000128864e+01
7.992000000000129489e+01
7.996000000000130115e+01
8.000000000000130740e+01
8.004000000000131365e+01
8.008000000000131990e+01
8.012000000000132616e+01
8.016000000000133241e+01
8.020000000000133866e+01
8.024000000000134492e+01
8.028000000000135117e+01
8.032000000000135742e+01
8.036000000000136367e+01
8.040000000000136993e+01
8.044000000000137618e+01
8.048000000000138243e+01
8.052000000000138868e+01
8.056000000000139494e+01
8.060000000000140119e+01
8.064000000000140744e+01
8.068000000000141370e+01
8.072000000000141995e+01
8.076000000000142620e+01
8.080000000000143245e+01
8.084000000000143871e+01
8.088000000000144496e+01
8.092000000000145121e+01
8.096000000000145747e+01
8.100000000000146372e+01
8.104000000000146997e+01
8.108000000000147622e+01
8.112000000000148248e+01
8.116000000000148873e+01
8.120000000000149498e+01
8.124000000000150123e+01
8.128000000000150749e+01
8.132000000000151374e+01
8.136000000000151999e+01
8.140000000000152625e+01
8.144000000000153250e+01
8.148000000000153875e+01
8.152000000000154500e+01
8.156000000000155126e+01
8.160000000000155751e+01
8.164000000000156376e+01
8.168000000000157002e+01
8.172000000000157627e+01
8.176000000000158252e+01
8.180000000000158877e+01
8.184000000000159503e+01
8.188000000000160128e+01
8.192000000000160753e+01
8.196000000000161378e+01
8.200000000000162004e+01
8.204000000000162629e+01
8.208000000000163254e+01
8.212000000000163880e+01
8.216000000000164505e+01
8.220000000000165130e+01
8.224000000000165755e+01
8.228000000000166381e+01
8.232000000000167006e+01
8.236000000000167631e+01
8.240000000000168257e+01
8.244000000000168882e+01
8.248000000000169507e+01
8.252000000000170132e+01
8.256000000000170758e+01
8.260000000000171383e+01
8.264000000000172008e+01
8.268000000000172633e+01
8.272000000000173259e+01
8.276000000000173884e+01
8.280000000000174509e+01
8.284000000000175135e+01
8.288000000000175760e+01
8.292000000000176385e+01
8.296000000000177010e+01
8.300000000000177636e+01
8.304000000000178261e+01
8.308000000000178886e+01
8.312000000000179512e+01
8.316000000000180137e+01
8.320000000000180762e+01
8.324000000000181387e+01
8.328000000000182013e+01
8.332000000000182638e+01
8.336000000000183263e+01
8.340000000000183888e+01
8.344000000000184514e+01
8.348000000000185139e+01
8.352000000000185764e+01
8.356000000000186390e+01
8.360000000000187015e+01
8.364000000000187640e+01
8.368000000000188265e+01
8.372000000000188891e+01
8.376000000000189516e+01
8.380000000000190141e+01
8.384000000000190767e+01
8.388000000000191392e+01
8.392000000000192017e+01
8.396000000000192642e+01
8.400000000000193268e+01
8.404000000000193893e+01
8.408000000000194518e+01
8.412000000000195143e+01
8.416000000000195769e+01
8.420000000000196394e+01
8.424000000000197019e+01
8.428000000000197645e+01
8.432000000000198270e+01
8.436000000000198895e+01
8.440000000000199520e+01
8.444000000000200146e+01
8.448000000000200771e+01
8.452000000000201396e+01
8.456000000000202022e+01
8.460000000000202647e+01
8.464000000000203272e+01
8.468000000000203897e+01
8.472000000000204523e+01
8.476000000000205148e+01
8.480000000000205773e+01
8.484000000000206398e+01
8.488000000000207024e+01
8.492000000000207649e+01
8.496000000000208274e+01
8.500000000000208900e+01
8.504000000000209525e+01
8.508000000000210150e+01
8.512000000000210775e+01
8.516000000000211401e+01
8.520000000000212026e+01
8.524000000000212651e+01
8.528000000000213277e+01
8.532000000000213902e+01
8.536000000000214527e+01
8.540000000000215152e+01
8.544000000000215778e+01
8.548000000000216403e+01
8.552000000000217028e+01
8.556000000000217653e+01
8.560000000000218279e+01
8.564000000000218904e+01
8.568000000000219529e+01
8.572000000000220155e+01
8.576000000000220780e+01
8.580000000000221405e+01
8.584000000000222030e+01
8.588000000000222656e+01
8.592000000000223281e+01
8.596000000000223906e+01
8.600000000000224532e+01
8.604000000000225157e+01
8.608000000000225782e+01
8.612000000000226407e+01
8.616000000000227033e+01
8.620000000000227658e+01
8.624000000000228283e+01
8.628000000000228908e+01
8.632000000000229534e+01
8.636000000000230159e+01
8.640000000000230784e+01
8.644000000000231410e+01
8.648000000000232035e+01
8.652000000000232660e+01
8.656000000000233285e+01
8.660000000000233911e+01
8.664000000000234536e+01
8.668000000000235161e+01
8.672000000000235787e+01
8.676000000000236412e+01
8.680000000000237037e+01
8.684000000000237662e+01
8.688000000000238288e+01
8.692000000000238913e+01
8.696000000000239538e+01
8.700000000000240163e+01
8.704000000000240789e+01
8.708000000000241414e+01
8.712000000000242039e+01
8.716000000000242665e+01
8.720000000000243290e+01
8.724000000000243915e+01
8.728000000000244540e+01
8.732000000000245166e+01
8.736000000000245791e+01
8.740000000000246416e+01
8.744000000000247041e+01
8.748000000000247667e+01
8.752000000000248292e+01
8.756000000000248917e+01
8.760000000000249543e+01
8.764000000000250168e+01
8.768000000000250793e+01
8.772000000000251418e+01
8.776000000000252044e+01
8.780000000000252669e+01
8.784000000000253294e+01
8.788000000000253920e+01
8.792000000000254545e+01
8.796000000000255170e+01
8.800000000000255795e+01
8.804000000000256421e+01
8.808000000000257046e+01
8.812000000000257671e+01
8.816000000000258296e+01
8.820000000000258922e+01
8.824000000000259547e+01
8.828000000000260172e+01
8.832000000000260798e+01
8.836000000000261423e+01
8.840000000000262048e+01
8.844000000000262673e+01
8.848000000000263299e+01
8.852000000000263924e+01
8.856000000000264549e+01
8.860000000000265175e+01
8.864000000000265800e+01
8.868000000000266425e+01
8.872000000000267050e+01
8.876000000000267676e+01
8.880000000000268301e+01
8.884000000000268926e+01
8.888000000000269551e+01
8.892000000000270177e+01
8.896000000000270802e+01
8.900000000000271427e+01
8.904000000000272053e+01
8.908000000000272678e+01
8.912000000000273303e+01
8.916000000000273928e+01
8.920000000000274554e+01
8.924000000000275179e+01
8.928000000000275804e+01
8.932000000000276430e+01
8.936000000000277055e+01
8.940000000000277680e+01
8.944000000000278305e+01
8.948000000000278931e+01
8.952000000000279556e+01
8.956000000000280181e+01
8.960000000000280806e+01
8.964000000000281432e+01
8.968000000000282057e+01
8.972000000000282682e+01
8.976000000000283308e+01
8.980000000000283933e+01
8.984000000000284558e+01
8.988000000000285183e+01
8.992000000000285809e+01
8.996000000000286434e+01
9.000000000000287059e+01
9.004000000000287685e+01
9.008000000000288310e+01
9.012000000000288935e+01
9.016000000000289560e+01
9.020000000000290186e+01
9.024000000000290811e+01
9.028000000000291436e+01
9.032000000000292061e+01
9.036000000000292687e+01
9.040000000000293312e+01
9.044000000000293937e+01
9.048000000000294563e+01
9.052000000000295188e+01
9.056000000000295813e+01
9.060000000000296438e+01
9.064000000000297064e+01
9.068000000000297689e+01
9.072000000000298314e+01
9.076000000000298940e+01
9.080000000000299565e+01
9.084000000000300190e+01
9.088000000000300815e+01
9.092000000000301441e+01
9.096000000000302066e+01
9.100000000000302691e+01
9.104000000000303316e+01
9.108000000000303942e+01
9.112000000000304567e+01
9.116000000000305192e+01
9.120000000000305818e+01
9.124000000000306443e+01
9.128000000000307068e+01
9.132000000000307693e+01
9.136000000000308319e+01
9.140000000000308944e+01
9.144000000000309569e+01
9.148000000000310195e+01
9.152000000000310820e+01
9.156000000000311445e+01
9.160000000000312070e+01
9.164000000000312696e+01
9.168000000000313321e+01
9.172000000000313946e+01
9.176000000000314571e+01
9.180000000000315197e+01
9.184000000000315822e+01
9.188000000000316447e+01
9.192000000000317073e+01
9.196000000000317698e+01
9.200000000000318323e+01
9.204000000000318948e+01
9.208000000000319574e+01
9.212000000000320199e+01
9.216000000000320824e+01
9.220000000000321450e+01
9.224000000000322075e+01
9.228000000000322700e+01
9.232000000000323325e+01
9.236000000000323951e+01
9.240000000000324576e+01
9.244000000000325201e+01
9.248000000000325826e+01
9.252000000000326452e+01
9.256000000000327077e+01
9.260000000000327702e+01
9.264000000000328328e+01
9.268000000000328953e+01
9.272000000000329578e+01
9.276000000000330203e+01
9.280000000000330829e+01
9.284000000000331454e+01
9.288000000000332079e+01
9.292000000000332705e+01
9.296000000000333330e+01
9.300000000000333955e+01
9.304000000000334580e+01
9.308000000000335206e+01
9.312000000000335831e+01
9.316000000000336456e+01
9.320000000000337081e+01
9.324000000000337707e+01
9.328000000000338332e+01
9.332000000000338957e+01
9.336000000000339583e+01
9.340000000000340208e+01
9.344000000000340833e+01
9.348000000000341458e+01
9.352000000000342084e+01
9.356000000000342709e+01
9.360000000000343334e+01
9.364000000000343960e+01
9.368000000000344585e+01
9.372000000000345210e+01
9.376000000000345835e+01
9.380000000000346461e+01
9.384000000000347086e+01
9.388000000000347711e+01
9.392000000000348336e+01
9.396000000000348962e+01
9.400000000000349587e+01
9.404000000000350212e+01
9.408000000000350838e+01
9.412000000000351463e+01
9.416000000000352088e+01
9.420000000000352713e+01
9.424000000000353339e+01
9.428000000000353964e+01
9.432000000000354589e+01
9.436000000000355215e+01
9.440000000000355840e+01
9.444000000000356465e+01
9.448000000000357090e+01
9.452000000000357716e+01
9.456000000000358341e+01
9.460000000000358966e+01
9.464000000000359591e+01
9.468000000000360217e+01
9.472000000000360842e+01
9.476000000000361467e+01
9.480000000000362093e+01
9.484000000000362718e+01
9.488000000000363343e+01
9.492000000000363968e+01
9.496000000000364594e+01
9.500000000000365219e+01
9.504000000000365844e+01
9.508000000000366470e+01
9.512000000000367095e+01
9.516000000000367720e+01
9.520000000000368345e+01
9.524000000000368971e+01
9.528000000000369596e+01
9.532000000000370221e+01
9.536000000000370846e+01
9.540000000000371472e+01
9.544000000000372097e+01
9.548000000000372722e+01
9.552000000000373348e+01
9.556000000000373973e+01
9.560000000000374598e+01
9.564000000000375223e+01
9.568000000000375849e+01
9.572000000000376474e+01
9.576000000000377099e+01
9.580000000000377725e+01
9.584000000000378350e+01
9.588000000000378975e+01
9.592000000000379600e+01
9.596000000000380226e+01
9.600000000000380851e+01
9.604000000000381476e+01
9.608000000000382101e+01
9.612000000000382727e+01
9.616000000000383352e+01
9.620000000000383977e+01
9.624000000000384603e+01
9.628000000000385228e+01
9.632000000000385853e+01
9.636000000000386478e+01
9.640000000000387104e+01
9.644000000000387729e+01
9.648000000000388354e+01
9.652000000000388980e+01
9.656000000000389605e+01
9.660000000000390230e+01
9.664000000000390855e+01
9.668000000000391481e+01
9.672000000000392106e+01
9.676000000000392731e+01
9.680000000000393356e+01
9.684000000000393982e+01
9.688000000000394607e+01
9.692000000000395232e+01
9.696000000000395858e+01
9.700000000000396483e+01
9.704000000000397108e+01
9.708000000000397733e+01
9.712000000000398359e+01
9.716000000000398984e+01
9.720000000000399609e+01
9.724000000000400235e+01
9.728000000000400860e+01
9.732000000000401485e+01
9.736000000000402110e+01
9.740000000000402736e+01
9.744000000000403361e+01
9.748000000000403986e+01
9.752000000000404611e+01
9.756000000000405237e+01
9.760000000000405862e+01
9.764000000000406487e+01
9.768000000000407113e+01
9.772000000000407738e+01
9.776000000000408363e+01
9.780000000000408988e+01
9.784000000000409614e+01
9.788000000000410239e+01
9.792000000000410864e+01
9.796000000000411490e+01
9.800000000000412115e+01
9.804000000000412740e+01
9.808000000000413365e+01
9.812000000000413991e+01
9.816000000000414616e+01
9.820000000000415241e+01
9.824000000000415866e+01
9.828000000000416492e+01
9.832000000000417117e+01
9.836000000000417742e+01
9.840000000000418368e+01
9.844000000000418993e+01
9.848000000000419618e+01
9.852000000000420243e+01
9.856000000000420869e+01
9.860000000000421494e+01
9.864000000000422119e+01
9.868000000000422745e+01
9.872000000000423370e+01
9.876000000000423995e+01
9.880000000000424620e+01
9.884000000000425246e+01
9.888000000000425871e+01
9.892000000000426496e+01
9.896000000000427121e+01
9.900000000000427747e+01
9.904000000000428372e+01
9.908000000000428997e+01
9.912000000000429623e+01
9.916000000000430248e+01
9.920000000000430873e+01
9.924000000000431498e+01
9.928000000000432124e+01
9.932000000000432749e+01
9.936000000000433374e+01
9.940000000000434000e+01
9.944000000000434625e+01
9.948000000000435250e+01
9.952000000000435875e+01
9.956000000000436501e+01
9.960000000000437126e+01
9.964000000000437751e+01
9.968000000000438376e+01
9.972000000000439002e+01
9.976000000000439627e+01
9.980000000000440252e+01
9.984000000000440878e+01
9.988000000000441503e+01
9.992000000000442128e+01
9.996000000000442753e+01
1.000000000000044338e+02
1.000400000000044400e+02
1.000800000000044463e+02
1.001200000000044525e+02
1.001600000000044588e+02
1.002000000000044651e+02
1.002400000000044713e+02
1.002800000000044776e+02
1.003200000000044838e+02
1.003600000000044901e+02
1.004000000000044963e+02
1.004400000000045026e+02
1.004800000000045088e+02
1.005200000000045151e+02
1.005600000000045213e+02
1.006000000000045276e+02
1.006400000000045338e+02
1.006800000000045401e+02
1.007200000000045463e+02
1.007600000000045526e+02
1.008000000000045588e+02
1.008400000000045651e+02
1.008800000000045713e+02
1.009200000000045776e+02
1.009600000000045839e+02
1.010000000000045901e+02
1.010400000000045964e+02
1.010800000000046026e+02
1.011200000000046089e+02
1.011600000000046151e+02
1.012000000000046214e+02
1.012400000000046276e+02
1.012800000000046339e+02
1.013200000000046401e+02
1.013600000000046464e+02
1.014000000000046526e+02
1.014400000000046589e+02
1.014800000000046651e+02
1.015200000000046714e+02
1.015600000000046776e+02
1.016000000000046839e+02
1.016400000000046902e+02
1.016800000000046964e+02
1.017200000000047027e+02
1.017600000000047089e+02
1.018000000000047152e+02
1.018400000000047214e+02
1.018800000000047277e+02
1.019200000000047339e+02
1.019600000000047402e+02
1.020000000000047464e+02
1.020400000000047527e+02
1.020800000000047589e+02
1.021200000000047652e+02
1.021600000000047714e+02
1.022000000000047777e+02
1.022400000000047839e+02
1.022800000000047902e+02
1.023200000000047964e+02
1.023600000000048027e+02
1.024000000000048090e+02
1.024400000000048152e+02
1.024800000000048215e+02
1.025200000000048277e+02
1.025600000000048340e+02
1.026000000000048402e+02
1.026400000000048465e+02
1.026800000000048527e+02
1.027200000000048590e+02
1.027600000000048652e+02
1.028000000000048715e+02
1.028400000000048777e+02
1.028800000000048840e+02
1.029200000000048902e+02
1.029600000000048965e+02
1.030000000000049027e+02
1.030400000000049090e+02
1.030800000000049153e+02
1.031200000000049215e+02
1.031600000000049278e+02
1.032000000000049340e+02
1.032400000000049403e+02
1.032800000000049465e+02
1.033200000000049528e+02
1.033600000000049590e+02
1.034000000000049653e+02
1.034400000000049715e+02
1.034800000000049778e+02
1.035200000000049840e+02
1.035600000000049903e+02
1.036000000000049965e+02
1.036400000000050028e+02
1.036800000000050090e+02
1.037200000000050153e+02
1.037600000000050215e+02
1.038000000000050278e+02
1.038400000000050341e+02
1.038800000000050403e+02
1.039200000000050466e+02
1.039600000000050528e+02
1.040000000000050591e+02
1.040400000000050653e+02
1.040800000000050716e+02
1.041200000000050778e+02
1.041600000000050841e+02
1.042000000000050903e+02
1.042400000000050966e+02
1.042800000000051028e+02
1.043200000000051091e+02
1.043600000000051153e+02
1.044000000000051216e+02
1.044400000000051278e+02
1.044800000000051341e+02
1.045200000000051404e+02
1.045600000000051466e+02
1.046000000000051529e+02
1.046400000000051591e+02
1.046800000000051654e+02
1.047200000000051716e+02
1.047600000000051779e+02
1.048000000000051841e+02
1.048400000000051904e+02
1.048800000000051966e+02
1.049200000000052029e+02
1.049600000000052091e+02
1.050000000000052154e+02
1.050400000000052216e+02
1.050800000000052279e+02
1.051200000000052341e+02
1.051600000000052404e+02
1.052000000000052466e+02
1.052400000000052529e+02
1.052800000000052592e+02
1.053200000000052654e+02
1.053600000000052717e+02
1.054000000000052779e+02
1.054400000000052842e+02
1.054800000000052904e+02
1.055200000000052967e+02
1.055600000000053029e+02
1.056000000000053092e+02
1.056400000000053154e+02
1.056800000000053217e+02
1.057200000000053279e+02
1.057600000000053342e+02
1.058000000000053404e+02
1.058400000000053467e+02
1.058800000000053529e+02
1.059200000000053592e+02
1.059600000000053655e+02
1.060000000000053717e+02
1.060400000000053780e+02
1.060800000000053842e+02
1.061200000000053905e+02
1.061600000000053967e+02
1.062000000000054030e+02
1.062400000000054092e+02
1.062800000000054155e+02
1.063200000000054217e+02
1.063600000000054280e+02
1.064000000000054342e+02
1.064400000000054405e+02
1.064800000000054467e+02
1.065200000000054530e+02
1.065600000000054592e+02
1.066000000000054655e+02
1.066400000000054717e+02
1.066800000000054780e+02
1.067200000000054843e+02
1.067600000000054905e+02
1.068000000000054968e+02
1.068400000000055030e+02
1.068800000000055093e+02
1.069200000000055155e+02
1.069600000000055218e+02
1.070000000000055280e+02
1.070400000000055343e+02
1.070800000000055405e+02
1.071200000000055468e+02
1.071600000000055530e+02
1.072000000000055593e+02
1.072400000000055655e+02
1.072800000000055718e+02
1.073200000000055780e+02
1.073600000000055843e+02
1.074000000000055906e+02
1.074400000000055968e+02
1.074800000000056031e+02
1.075200000000056093e+02
1.075600000000056156e+02
1.076000000000056218e+02
1.076400000000056281e+02
1.076800000000056343e+02
1.077200000000056406e+02
1.077600000000056468e+02
1.078000000000056531e+02
1.078400000000056593e+02
1.078800000000056656e+02
1.079200000000056718e+02
1.079600000000056781e+02
1.080000000000056843e+02
1.080400000000056906e+02
1.080800000000056968e+02
1.081200000000057031e+02
1.081600000000057094e+02
1.082000000000057156e+02
1.082400000000057219e+02
1.082800000000057281e+02
1.083200000000057344e+02
1.083600000000057406e+02
1.084000000000057469e+02
1.084400000000057531e+02
1.084800000000057594e+02
1.085200000000057656e+02
1.085600000000057719e+02
1.086000000000057781e+02
1.086400000000057844e+02
1.086800000000057906e+02
1.087200000000057969e+02
1.087600000000058031e+02
1.088000000000058094e+02
1.088400000000058157e+02
1.088800000000058219e+02
1.089200000000058282e+02
1.089600000000058344e+02
1.090000000000058407e+02
1.090400000000058469e+02
1.090800000000058532e+02
1.091200000000058594e+02
1.091600000000058657e+02
1.092000000000058719e+02
1.092400000000058782e+02
1.092800000000058844e+02
1.093200000000058907e+02
1.093600000000058969e+02
1.094000000000059032e+02
1.094400000000059094e+02
1.094800000000059157e+02
1.095200000000059219e+02
1.095600000000059282e+02
1.096000000000059345e+02
1.096400000000059407e+02
1.096800000000059470e+02
1.097200000000059532e+02
1.097600000000059595e+02
1.098000000000059657e+02
1.098400000000059720e+02
1.098800000000059782e+02
1.099200000000059845e+02
1.099600000000059907e+02
1.100000000000059970e+02
1.100400000000060032e+02
1.100800000000060095e+02
1.101200000000060157e+02
1.101600000000060220e+02
1.102000000000060282e+02
1.102400000000060345e+02
1.102800000000060408e+02
1.103200000000060470e+02
1.103600000000060533e+02
1.104000000000060595e+02
1.104400000000060658e+02
1.104800000000060720e+02
1.105200000000060783e+02
1.105600000000060845e+02
1.106000000000060908e+02
1.106400000000060970e+02
1.106800000000061033e+02
1.107200000000061095e+02
1.107600000000061158e+02
1.108000000000061220e+02
1.108400000000061283e+02
1.108800000000061345e+02
1.109200000000061408e+02
1.109600000000061470e+02
1.110000000000061533e+02
1.110400000000061596e+02
1.110800000000061658e+02
1.111200000000061721e+02
1.111600000000061783e+02
1.112000000000061846e+02
1.112400000000061908e+02
1.112800000000061971e+02
1.113200000000062033e+02
1.113600000000062096e+02
1.114000000000062158e+02
1.114400000000062221e+02
1.114800000000062283e+02
1.115200000000062346e+02
1.115600000000062408e+02
1.116000000000062471e+02
1.116400000000062533e+02
1.116800000000062596e+02
1.117200000000062659e+02
1.117600000000062721e+02
1.118000000000062784e+02
1.118400000000062846e+02
1.118800000000062909e+02
1.119200000000062971e+02
1.119600000000063034e+02
1.120000000000063096e+02
1.120400000000063159e+02
1.120800000000063221e+02
1.121200000000063284e+02
1.121600000000063346e+02
1.122000000000063409e+02
1.122400000000063471e+02
1.122800000000063534e+02
1.123200000000063596e+02
1.123600000000063659e+02
1.124000000000063721e+02
1.124400000000063784e+02
1.124800000000063847e+02
1.125200000000063909e+02
1.125600000000063972e+02
1.126000000000064034e+02
1.126400000000064097e+02
1.126800000000064159e+02
1.127200000000064222e+02
1.127600000000064284e+02
1.128000000000064347e+02
1.128400000000064409e+02
1.128800000000064472e+02
1.129200000000064534e+02
1.129600000000064597e+02
1.130000000000064659e+02
1.130400000000064722e+02
1.130800000000064784e+02
1.131200000000064847e+02
1.131600000000064909e+02
1.132000000000064972e+02
1.132400000000065035e+02
1.132800000000065097e+02
1.133200000000065160e+02
1.133600000000065222e+02
1.134000000000065285e+02
1.134400000000065347e+02
1.134800000000065410e+02
1.135200000000065472e+02
1.135600000000065535e+02
1.136000000000065597e+02
1.136400000000065660e+02
1.136800000000065722e+02
1.137200000000065785e+02
1.137600000000065847e+02
1.138000000000065910e+02
1.138400000000065972e+02
1.138800000000066035e+02
1.139200000000066098e+02
1.139600000000066160e+02
1.140000000000066223e+02
1.140400000000066285e+02
1.140800000000066348e+02
1.141200000000066410e+02
1.141600000000066473e+02
1.142000000000066535e+02
1.142400000000066598e+02
1.142800000000066660e+02
1.143200000000066723e+02
1.143600000000066785e+02
1.144000000000066848e+02
1.144400000000066910e+02
1.144800000000066973e+02
1.145200000000067035e+02
1.145600000000067098e+02
1.146000000000067160e+02
1.146400000000067223e+02
1.146800000000067286e+02
1.147200000000067348e+02
1.147600000000067411e+02
1.148000000000067473e+02
1.148400000000067536e+02
1.148800000000067598e+02
1.149200000000067661e+02
1.149600000000067723e+02
1.150000000000067786e+02
1.150400000000067848e+02
1.150800000000067911e+02
1.151200000000067973e+02
1.151600000000068036e+02
1.152000000000068098e+02
1.152400000000068161e+02
1.152800000000068223e+02
1.153200000000068286e+02
1.153600000000068349e+02
1.154000000000068411e+02
1.154400000000068474e+02
1.154800000000068536e+02
1.155200000000068599e+02
1.155600000000068661e+02
1.156000000000068724e+02
1.156400000000068786e+02
1.156800000000068849e+02
1.157200000000068911e+02
1.157600000000068974e+02
1.158000000000069036e+02
1.158400000000069099e+02
1.158800000000069161e+02
1.159200000000069224e+02
1.159600000000069286e+02
1.160000000000069349e+02
1.160400000000069411e+02
1.160800000000069474e+02
1.161200000000069537e+02
1.161600000000069599e+02
1.162000000000069662e+02
1.162400000000069724e+02
1.162800000000069787e+02
1.163200000000069849e+02
1.163600000000069912e+02
1.164000000000069974e+02
1.164400000000070037e+02
1.164800000000070099e+02
1.165200000000070162e+02
1.165600000000070224e+02
1.166000000000070287e+02
1.166400000000070349e+02
1.166800000000070412e+02
1.167200000000070474e+02
1.167600000000070537e+02
1.168000000000070600e+02
1.168400000000070662e+02
1.168800000000070725e+02
1.169200000000070787e+02
1.169600000000070850e+02
1.170000000000070912e+02
1.170400000000070975e+02
1.170800000000071037e+02
1.171200000000071100e+02
1.171600000000071162e+02
1.172000000000071225e+02
1.172400000000071287e+02
1.172800000000071350e+02
1.173200000000071412e+02
1.173600000000071475e+02
1.174000000000071537e+02
1.174400000000071600e+02
1.174800000000071662e+02
1.175200000000071725e+02
1.175600000000071788e+02
1.176000000000071850e+02
1.176400000000071913e+02
1.176800000000071975e+02
1.177200000000072038e+02
1.177600000000072100e+02
1.178000000000072163e+02
1.178400000000072225e+02
1.178800000000072288e+02
1.179200000000072350e+02
1.179600000000072413e+02
1.180000000000072475e+02
1.180400000000072538e+02
1.180800000000072600e+02
1.181200000000072663e+02
1.181600000000072725e+02
1.182000000000072788e+02
1.182400000000072851e+02
1.182800000000072913e+02
1.183200000000072976e+02
1.183600000000073038e+02
1.184000000000073101e+02
1.184400000000073163e+02
1.184800000000073226e+02
1.185200000000073288e+02
1.185600000000073351e+02
1.186000000000073413e+02
1.186400000000073476e+02
1.186800000000073538e+02
1.187200000000073601e+02
1.187600000000073663e+02
1.188000000000073726e+02
1.188400000000073788e+02
1.188800000000073851e+02
1.189200000000073913e+02
1.189600000000073976e+02
1.190000000000074039e+02
1.190400000000074101e+02
1.190800000000074164e+02
1.191200000000074226e+02
1.191600000000074289e+02
1.192000000000074351e+02
1.192400000000074414e+02
1.192800000000074476e+02
1.193200000000074539e+02
1.193600000000074601e+02
1.194000000000074664e+02
1.194400000000074726e+02
1.194800000000074789e+02
1.195200000000074851e+02
1.195600000000074914e+02
1.196000000000074976e+02
1.196400000000075039e+02
1.196800000000075102e+02
1.197200000000075164e+02
1.197600000000075227e+02
1.198000000000075289e+02
1.198400000000075352e+02
1.198800000000075414e+02
1.199200000000075477e+02
1.199600000000075539e+02
1.200000000000075602e+02
1.200400000000075664e+02
1.200800000000075727e+02
1.201200000000075789e+02
1.201600000000075852e+02
1.202000000000075914e+02
1.202400000000075977e+02
1.202800000000076039e+02
1.203200000000076102e+02
1.203600000000076164e+02
1.204000000000076227e+02
1.204400000000076290e+02
1.204800000000076352e+02
1.205200000000076415e+02
1.205600000000076477e+02
1.206000000000076540e+02
1.206400000000076602e+02
1.206800000000076665e+02
1.207200000000076727e+02
1.207600000000076790e+02
1.208000000000076852e+02
1.208400000000076915e+02
1.208800000000076977e+02
1.209200000000077040e+02
1.209600000000077102e+02
1.210000000000077165e+02
1.210400000000077227e+02
1.210800000000077290e+02
1.211200000000077353e+02
1.211600000000077415e+02
1.212000000000077478e+02
1.212400000000077540e+02
1.212800000000077603e+02
1.213200000000077665e+02
1.213600000000077728e+02
1.214000000000077790e+02
1.214400000000077853e+02
1.214800000000077915e+02
1.215200000000077978e+02
1.215600000000078040e+02
1.216000000000078103e+02
1.216400000000078165e+02
1.216800000000078228e+02
1.217200000000078290e+02
1.217600000000078353e+02
1.218000000000078415e+02
1.218400000000078478e+02
1.218800000000078541e+02
1.219200000000078603e+02
1.219600000000078666e+02
1.220000000000078728e+02
1.220400000000078791e+02
1.220800000000078853e+02
1.221200000000078916e+02
1.221600000000078978e+02
1.222000000000079041e+02
1.222400000000079103e+02
1.222800000000079166e+02
1.223200000000079228e+02
1.223600000000079291e+02
1.224000000000079353e+02
1.224400000000079416e+02
1.224800000000079478e+02
1.225200000000079541e+02
1.225600000000079604e+02
1.226000000000079666e+02
1.226400000000079729e+02
1.226800000000079791e+02
1.227200000000079854e+02
1.227600000000079916e+02
1.228000000000079979e+02
1.228400000000080041e+02
1.228800000000080104e+02
