[[ 0.00000000e+00  4.00000000e-02  8.00000000e-02 ...  8.18400000e+01
   8.18800000e+01  8.19200000e+01]
 [ 2.37610913e-02  9.97735210e-02  2.00002263e-01 ...  2.39274746e-03
   2.47451836e-03  2.75690725e-03]
 [-2.75886544e-02  2.87056760e-03  4.86312623e-02 ...  1.63546372e-03
   1.64050377e-03  1.51083127e-03]
 ...
 [ 1.44979645e+00  1.45211437e+00  1.45800676e+00 ...  2.55321035e+01
   2.55322113e+01  2.55323262e+01]
 [-1.28523071e-01 -1.29079485e-01 -1.28122886e-01 ...  1.96191690e+01
   1.96192141e+01  1.96192544e+01]
 [-2.94200581e+01 -2.94192903e+01 -2.94183744e+01 ... -4.92759233e+01
  -4.92781678e+01 -4.92804017e+01]][[ 0.00000000e+00  0.00000000e+00  0.00000000e+00  0.00000000e+00]
 [ 5.66825233e-02  1.98317394e-01 -3.79817754e-01 -2.48156160e-01]
 [ 1.69788618e-02  4.08832170e-02 -3.20264287e-02 -2.33450562e-01]
 ...
 [ 7.36731291e-03  1.57370232e-05  1.37006864e-05 -1.79347582e-03]
 [ 7.34390318e-03  1.79191120e-05  1.76657923e-05 -2.27163546e-03]
 [ 7.32015446e-03 -2.12481245e-06  3.69502231e-05 -2.67807767e-03]]