[[ 0.00000000e+00  4.00000000e-02  8.00000000e-02 ...  4.08800000e+01
   4.09200000e+01  4.09600000e+01]
 [ 0.00000000e+00  1.31634404e-21  2.29629334e-20 ...  5.58287335e-14
   5.53930877e-14  5.49643895e-14]
 [ 0.00000000e+00  4.21491514e-03  2.60295463e-02 ... -3.50667822e+01
  -3.46021288e+01 -3.41312903e+01]
 ...
 [ 0.00000000e+00 -5.58105887e-24 -2.53321170e-22 ...  1.53019288e-13
   1.53803086e-13  1.54607600e-13]
 [ 0.00000000e+00  4.26269991e-05  5.93400117e-04 ... -7.42403190e+01
  -7.52726570e+01 -7.63087721e+01]
 [-2.80000000e+01 -2.79999997e+01 -2.79999882e+01 ...  1.11811274e+03
   1.11939521e+03  1.12065745e+03]][[ 0.          0.          0.        ]
 [ 0.29104534 -0.02721287 -0.02155408]
 [-0.11771999 -0.00744267 -0.00413577]
 ...
 [ 0.01675354 -0.01394719 -0.00986566]
 [ 0.01675355 -0.01394719 -0.00986566]
 [ 0.01675355 -0.01394719 -0.00986566]]